4.69 , 10.09
5.47 , 9.89
5.11 , 10.02
5.79 , 10.33
5.59 , 9.75
6.29 , 10.21
6.72 , 10.35
6.53 , 10.06
7.42 , 10.07
6.81 , 9.88
7.25 , 10.21
7.36 , 10.18
7.74 , 10.39
8.17 , 10.28
7.67 , 10.42
7.98 , 10.22
8.19 , 10.29
8.59 , 10.36
9.83 , 10.31
9.44 , 10.01
9.38 , 10.52
9.65 , 10.47
9.92 , 10.14
10.26 , 10.21
10.81 , 10.3
10.73 , 10.45
11.02 , 10.31
11.26 , 10.45
11.54 , 10.65
11.49 , 10.32
11.87 , 10.65
12.31 , 10.46
12.26 , 10.7
12.41 , 10.64
12.61 , 10.46
12.53 , 10.52
13.16 , 11.02
13.47 , 10.92
13.65 , 10.85
13.72 , 10.89
14.34 , 10.63
13.95 , 11.22
14.4 , 10.99
14.78 , 10.48
15.4 , 11.23
15.05 , 10.99
15.26 , 10.6
15.43 , 10.93
15.96 , 11.03
15.91 , 11.21
15.93 , 11.09
16.62 , 10.83
16.12 , 10.7
16.85 , 11.08
17.4 , 10.71
17.24 , 11.14
17.42 , 10.4
17.88 , 11.59
18.15 , 10.8
18.02 , 11.11
18.97 , 11.22
18.6 , 11.47
18.77 , 11.57
18.84 , 11.0
19.42 , 11.5
19.62 , 11.23
19.23 , 11.0
19.75 , 11.06
20.27 , 11.13
20.55 , 11.25
20.49 , 11.28
20.9 , 11.48
20.9 , 11.22
20.9 , 11.7
21.82 , 11.27
21.56 , 11.03
21.95 , 11.4
22.67 , 11.43
22.16 , 10.78
22.93 , 11.45
22.39 , 11.47
22.62 , 12.31
23.52 , 11.6
23.42 , 10.94
23.65 , 11.11
24.06 , 10.98
23.9 , 11.84
24.76 , 11.25
24.19 , 11.79
25.01 , 11.34
24.85 , 11.43
24.95 , 11.45
25.78 , 11.81
26.2 , 11.63
25.88 , 11.43
26.1 , 11.36
25.91 , 11.88
26.94 , 11.94
27.13 , 11.81
26.84 , 11.78
27.15 , 11.5
27.04 , 11.43
27.69 , 11.85
27.79 , 12.19
28.18 , 12.0
28.66 , 11.66
28.09 , 12.07
28.63 , 12.23
29.11 , 12.17
29.44 , 11.42
29.65 , 11.79
29.5 , 11.87
30.11 , 12.21
30.34 , 11.69
30.09 , 11.68
30.36 , 12.59
30.35 , 12.66
30.74 , 13.02
30.63 , 12.73
30.79 , 13.54
31.4 , 13.24
31.34 , 13.46
31.48 , 13.55
31.49 , 13.45
31.57 , 14.35
32.01 , 14.12
31.97 , 14.28
32.26 , 14.27
32.37 , 14.66
32.28 , 14.57
32.37 , 14.67
32.99 , 14.51
32.85 , 15.11
32.91 , 15.46
33.49 , 15.62
33.33 , 15.61
33.48 , 16.16
33.56 , 15.81
33.49 , 15.99
33.61 , 16.71
34.19 , 16.54
34.62 , 16.6
34.59 , 17.13
34.16 , 16.71
34.47 , 17.49
35.17 , 17.12
35.26 , 17.5
35.05 , 17.62
35.21 , 17.47
35.19 , 17.79
35.71 , 18.78
36.42 , 18.34
35.46 , 18.49
35.8 , 19.26
36.33 , 18.75
36.57 , 19.23
36.08 , 19.13
36.57 , 19.43
36.81 , 19.51
36.98 , 19.61
36.85 , 20.31
37.32 , 20.2
36.98 , 20.22
37.73 , 20.1
37.95 , 20.49
37.92 , 20.73
38.02 , 21.23
38.02 , 21.48
38.07 , 21.03
38.59 , 21.16
38.47 , 21.82
39.01 , 21.31
38.99 , 22.39
39.31 , 22.03
39.01 , 22.18
39.02 , 22.36
39.41 , 22.55
39.9 , 22.7
39.39 , 23.19
39.63 , 22.98
40.02 , 23.17
39.95 , 23.36
40.89 , 23.44
40.46 , 24.04
40.83 , 24.11
41.01 , 23.6
40.73 , 24.29
41.21 , 24.74
41.36 , 24.53
41.4 , 24.7
41.6 , 25.09
41.6 , 24.88
41.62 , 25.53
42.3 , 25.67
42.34 , 25.79
42.28 , 25.92
42.16 , 25.87
42.39 , 26.27
42.58 , 26.22
42.97 , 26.76
42.82 , 26.35
43.38 , 26.47
43.43 , 26.78
43.44 , 26.63
43.8 , 27.13
43.54 , 27.94
44.09 , 28.46
44.16 , 27.66
44.24 , 28.32
44.35 , 28.2
44.64 , 28.02
44.69 , 28.29
44.49 , 28.8
45.12 , 28.77
44.88 , 28.41
45.37 , 29.06
44.98 , 29.23
45.17 , 29.41
45.73 , 29.67
45.9 , 29.79
45.71 , 29.82
46.02 , 30.02
46.36 , 30.4
46.85 , 29.77
46.69 , 30.53
47.31 , 30.98
46.47 , 31.01
46.9 , 31.33
46.92 , 31.22
47.3 , 31.39
47.33 , 31.12
47.74 , 31.99
47.76 , 31.66
47.98 , 32.22
48.03 , 32.24
48.58 , 32.13
48.23 , 32.1
48.35 , 32.56
48.43 , 32.74
49.27 , 33.03
48.94 , 33.79
49.1 , 32.98
49.37 , 33.34
49.82 , 33.43
49.42 , 33.51
49.73 , 33.82
49.84 , 34.15
49.85 , 34.64
50.39 , 34.59
50.08 , 34.47
50.52 , 35.51
50.49 , 34.88
50.58 , 34.97
50.66 , 35.36
51.41 , 35.57
51.07 , 35.34
51.4 , 35.9
51.19 , 35.8
51.63 , 36.49
51.95 , 36.46
51.86 , 36.65
52.09 , 37.28
51.95 , 36.81
52.7 , 37.01
52.89 , 37.23
52.72 , 37.31
52.49 , 37.33
53.53 , 37.9
53.28 , 38.14
53.42 , 38.33
53.36 , 38.18
53.82 , 38.32
53.39 , 38.51
53.74 , 38.89
53.84 , 38.64
54.09 , 39.46
54.31 , 39.28
54.47 , 39.48
54.85 , 39.92
54.35 , 40.08
54.91 , 39.82
55.6 , 40.05
55.49 , 40.56
54.74 , 40.66
55.18 , 40.73
54.42 , 40.9
54.95 , 40.93
55.46 , 41.37
54.9 , 41.58
54.8 , 41.68
55.02 , 42.18
54.87 , 42.3
54.65 , 42.68
54.81 , 42.82
54.77 , 42.86
55.05 , 42.91
55.62 , 43.43
54.98 , 43.48
55.4 , 44.23
55.07 , 43.77
54.87 , 44.49
54.87 , 44.26
54.7 , 44.59
55.0 , 44.84
55.0 , 45.92
55.44 , 45.19
55.09 , 45.69
54.97 , 46.15
54.92 , 46.04
54.91 , 46.32
55.32 , 46.76
54.66 , 46.68
54.8 , 47.21
55.06 , 47.46
54.98 , 46.98
55.11 , 47.74
55.13 , 47.58
55.02 , 47.95
54.83 , 48.44
55.09 , 48.35
54.57 , 48.18
54.86 , 49.3
54.99 , 48.68
54.78 , 49.57
55.42 , 49.98
55.09 , 49.96
54.74 , 50.02
54.92 , 50.16
55.02 , 50.48
55.08 , 51.16
55.19 , 51.13
54.94 , 50.87
54.97 , 51.61
54.75 , 52.01
54.92 , 52.01
54.92 , 51.83
55.52 , 52.08
55.23 , 52.45
55.07 , 52.61
54.9 , 53.27
55.49 , 53.05
55.0 , 53.72
54.84 , 53.88
54.8 , 54.08
55.11 , 54.45
55.09 , 54.08
55.17 , 54.32
55.19 , 55.2
55.15 , 54.91
55.3 , 55.31
54.69 , 55.4
55.35 , 55.64
55.03 , 55.85
54.58 , 56.03
55.09 , 56.43
54.96 , 56.07
55.31 , 57.01
55.26 , 57.38
54.89 , 57.12
55.08 , 57.92
54.58 , 57.66
54.82 , 58.08
55.37 , 58.09
54.69 , 58.4
54.93 , 58.23
55.22 , 58.71
55.17 , 58.73
55.27 , 58.92
55.26 , 59.05
55.34 , 59.64
54.61 , 59.89
55.08 , 59.93
54.88 , 60.47
54.96 , 59.86
54.89 , 60.95
55.07 , 61.32
54.83 , 61.93
55.2 , 61.59
55.27 , 61.98
55.03 , 61.81
55.26 , 62.29
54.53 , 62.13
55.12 , 62.66
55.07 , 63.01
55.04 , 63.47
54.85 , 63.2
55.08 , 63.71
55.2 , 64.12
54.88 , 64.26
55.12 , 63.93
54.97 , 64.94
55.2 , 64.52
54.4 , 64.68
54.82 , 65.1
55.58 , 65.5
55.08 , 65.3
54.7 , 65.7
54.88 , 66.73
54.9 , 66.05
55.28 , 66.44
54.69 , 66.97
54.92 , 66.54
55.08 , 67.22
54.92 , 67.49
55.21 , 67.32
54.49 , 67.17
54.97 , 68.29
55.25 , 68.56
55.46 , 68.44
55.26 , 68.27
55.17 , 68.98
54.98 , 68.99
54.72 , 69.36
55.32 , 69.46
55.13 , 69.61
55.06 , 69.74
54.96 , 70.12
54.81 , 70.2
54.31 , 70.45
54.73 , 71.11
54.25 , 71.09
54.39 , 71.17
53.68 , 71.33
53.69 , 71.72
53.99 , 71.76
53.03 , 71.94
53.7 , 71.64
53.64 , 72.16
53.22 , 72.14
52.87 , 72.39
53.77 , 72.72
52.91 , 72.69
52.57 , 72.89
52.37 , 73.43
52.39 , 73.6
52.04 , 73.8
52.18 , 73.91
52.03 , 73.7
52.23 , 73.99
51.75 , 74.06
51.71 , 74.36
51.59 , 74.72
51.22 , 74.46
51.36 , 75.22
51.29 , 74.89
51.14 , 75.45
50.92 , 75.64
50.64 , 75.76
50.82 , 75.76
50.09 , 76.04
50.37 , 75.78
50.01 , 76.57
50.01 , 76.62
49.6 , 77.01
50.22 , 76.91
49.46 , 76.85
49.74 , 77.34
49.18 , 77.8
49.44 , 77.82
48.67 , 77.83
49.13 , 77.72
49.08 , 78.57
48.97 , 78.21
48.4 , 78.8
48.69 , 79.05
48.61 , 78.9
48.07 , 78.64
48.24 , 79.85
47.79 , 79.34
47.93 , 79.73
47.3 , 79.64
47.23 , 80.5
47.19 , 80.39
47.72 , 80.82
47.46 , 80.94
46.66 , 80.62
46.65 , 80.81
47.36 , 80.65
46.71 , 80.93
46.77 , 81.75
46.17 , 82.12
46.18 , 82.1
46.11 , 81.82
45.8 , 82.11
45.92 , 82.35
46.22 , 82.44
45.38 , 82.49
45.17 , 82.49
44.98 , 83.26
45.11 , 83.16
45.05 , 83.65
44.98 , 83.76
44.55 , 83.68
44.36 , 83.9
44.22 , 84.01
44.25 , 84.22
44.09 , 84.33
44.35 , 84.55
43.64 , 84.86
43.48 , 84.72
43.64 , 84.75
42.68 , 85.42
43.61 , 85.11
43.0 , 85.85
42.59 , 85.67
42.65 , 86.01
42.33 , 86.47
42.65 , 86.5
42.47 , 86.07
42.38 , 86.44
42.29 , 86.74
42.07 , 87.08
42.21 , 87.51
41.63 , 87.49
42.11 , 87.79
41.43 , 87.82
41.39 , 88.26
41.35 , 88.3
41.76 , 88.04
40.82 , 88.13
40.55 , 88.96
40.88 , 89.33
40.18 , 88.88
40.9 , 89.53
40.63 , 89.67
40.28 , 89.63
40.15 , 90.02
39.97 , 90.07
40.38 , 89.51
39.85 , 89.71
39.99 , 89.3
40.6 , 89.23
39.99 , 89.17
40.75 , 88.4
39.97 , 88.48
40.0 , 88.78
40.31 , 87.91
40.32 , 87.59
40.06 , 87.59
40.84 , 86.78
40.4 , 87.47
40.54 , 87.39
40.53 , 86.73
40.44 , 86.27
40.94 , 85.97
40.56 , 85.92
40.45 , 85.28
40.61 , 85.65
40.8 , 85.62
40.78 , 85.03
40.95 , 85.14
40.73 , 84.38
40.79 , 84.83
41.39 , 84.14
41.26 , 84.37
41.66 , 83.79
41.37 , 84.11
42.12 , 83.93
41.33 , 83.46
41.63 , 83.13
41.64 , 82.82
41.89 , 83.19
42.17 , 82.65
42.12 , 82.17
42.18 , 82.48
42.58 , 82.48
42.56 , 81.8
42.22 , 81.72
42.32 , 81.82
42.72 , 81.26
42.67 , 80.95
42.9 , 81.17
43.33 , 80.41
42.91 , 80.51
43.4 , 80.07
43.83 , 80.14
43.87 , 79.88
43.85 , 79.76
43.75 , 79.87
44.41 , 79.12
44.5 , 79.69
44.69 , 79.56
44.72 , 79.08
44.62 , 78.7
44.65 , 78.54
45.32 , 78.74
45.72 , 78.49
45.36 , 78.44
45.75 , 78.65
46.46 , 78.32
45.87 , 77.82
46.39 , 77.64
46.65 , 77.87
46.91 , 77.62
46.67 , 77.23
47.04 , 77.64
47.65 , 77.43
47.53 , 77.22
47.84 , 77.27
48.05 , 76.47
48.27 , 76.86
48.12 , 76.8
48.51 , 76.56
48.22 , 76.5
48.98 , 76.37
48.65 , 76.4
49.43 , 76.24
49.56 , 76.01
49.49 , 76.14
49.77 , 75.96
50.89 , 76.03
50.32 , 75.39
50.53 , 75.92
50.54 , 75.62
50.37 , 75.76
51.0 , 75.73
51.71 , 75.46
51.83 , 75.51
51.74 , 75.32
51.8 , 75.65
52.45 , 75.02
52.65 , 75.04
52.29 , 75.5
52.57 , 75.48
53.16 , 75.39
53.46 , 75.43
53.64 , 75.27
53.84 , 75.38
53.9 , 75.34
54.6 , 75.05
54.55 , 74.92
54.6 , 75.09
54.8 , 74.79
55.1 , 75.06
55.41 , 75.21
55.11 , 75.4
55.74 , 74.88
55.91 , 75.2
56.44 , 75.02
56.49 , 74.73
56.71 , 75.12
56.78 , 75.39
57.56 , 75.44
57.14 , 75.59
57.47 , 75.21
57.63 , 75.39
58.13 , 75.37
58.15 , 75.35
58.32 , 75.69
58.51 , 75.47
58.8 , 75.38
59.01 , 75.25
59.38 , 75.81
59.42 , 76.12
59.51 , 75.93
60.05 , 75.72
60.08 , 76.13
60.36 , 76.08
60.9 , 76.15
60.33 , 76.01
61.16 , 76.26
60.89 , 75.89
61.44 , 76.85
61.25 , 76.03
61.89 , 76.53
61.89 , 76.68
61.94 , 76.96
62.6 , 77.04
62.39 , 77.2
62.59 , 76.88
62.48 , 76.69
62.99 , 76.65
62.9 , 76.23
62.84 , 76.14
63.26 , 75.98
63.07 , 75.21
63.24 , 75.25
63.16 , 75.25
63.67 , 74.99
63.8 , 74.79
63.37 , 74.34
63.61 , 74.45
64.02 , 74.11
64.13 , 73.67
63.94 , 74.04
64.17 , 73.73
63.69 , 72.85
64.03 , 73.31
64.73 , 72.7
64.18 , 72.4
64.29 , 72.58
64.53 , 72.71
64.87 , 71.87
64.84 , 71.8
65.07 , 71.85
64.88 , 71.64
65.19 , 71.2
65.21 , 71.18
65.16 , 70.65
65.64 , 70.61
65.27 , 70.52
65.14 , 70.21
65.26 , 69.89
65.25 , 69.62
65.99 , 69.54
65.57 , 69.81
65.8 , 69.54
65.92 , 68.62
66.59 , 68.66
66.41 , 68.86
65.99 , 68.38
66.26 , 68.31
66.49 , 67.64
66.6 , 67.94
66.6 , 67.68
66.63 , 67.33
66.94 , 67.17
67.26 , 67.17
67.24 , 66.91
67.16 , 66.24
67.48 , 66.75
67.36 , 66.05
67.39 , 66.21
67.56 , 65.47
67.53 , 65.32
67.62 , 65.08
67.54 , 65.46
68.1 , 64.5
67.7 , 64.58
67.93 , 64.15
68.33 , 63.89
68.38 , 64.25
68.21 , 63.71
68.4 , 63.7
67.96 , 63.16
68.7 , 63.23
68.55 , 62.81
68.57 , 62.66
69.52 , 62.34
69.3 , 62.56
69.07 , 62.29
69.01 , 62.43
69.32 , 61.82
69.26 , 61.67
69.1 , 61.34
69.31 , 61.37
69.7 , 60.56
69.59 , 61.05
69.42 , 60.32
70.07 , 60.37
69.81 , 59.9
70.06 , 59.87
70.29 , 60.11
70.63 , 59.92
70.55 , 60.01
70.88 , 60.04
71.0 , 59.94
71.21 , 59.86
71.61 , 60.28
71.67 , 60.14
72.11 , 60.03
72.41 , 59.87
72.61 , 60.08
71.84 , 60.09
73.06 , 60.48
72.88 , 60.03
73.45 , 59.76
73.88 , 60.11
73.61 , 59.71
73.93 , 60.58
74.78 , 59.4
74.03 , 60.17
74.67 , 59.85
75.07 , 60.03
75.22 , 60.07
75.1 , 60.32
75.48 , 60.28
75.98 , 60.01
76.07 , 59.99
75.81 , 59.92
76.59 , 59.61
76.34 , 60.27
77.13 , 59.62
77.27 , 59.99
77.62 , 59.92
77.55 , 59.82
77.87 , 59.97
77.89 , 59.92
78.09 , 60.15
78.24 , 59.62
78.48 , 60.27
78.81 , 60.16
79.34 , 59.88
79.57 , 60.13
79.6 , 59.83
79.82 , 59.69
79.99 , 59.86
80.39 , 60.09
80.34 , 60.21
81.02 , 60.02
80.77 , 60.13
80.57 , 59.86
81.54 , 60.49
81.44 , 60.38
82.41 , 60.47
81.48 , 60.27
82.33 , 60.25
82.47 , 59.85
82.68 , 60.37
83.16 , 59.93
83.27 , 60.21
83.54 , 59.99
83.46 , 59.82
83.74 , 59.86
83.68 , 59.65
84.51 , 59.72
84.19 , 59.99
85.1 , 60.31
84.86 , 59.74
85.05 , 59.78
85.27 , 60.12
85.37 , 59.81
85.79 , 59.99
85.89 , 59.8
86.02 , 59.81
86.66 , 59.94
85.98 , 60.15
86.96 , 59.78
87.13 , 59.25
87.01 , 60.29
88.17 , 60.54
87.68 , 60.01
88.28 , 59.69
88.75 , 59.82
88.62 , 59.71
88.85 , 60.0
89.25 , 59.71
89.2 , 60.45
89.13 , 60.09
89.76 , 59.88
89.81 , 60.35
90.3 , 60.05
90.11 , 59.4
90.1 , 59.91
90.37 , 58.9
89.62 , 58.86
90.21 , 58.66
90.13 , 58.67
90.46 , 58.41
90.58 , 57.78
90.41 , 58.02
89.96 , 58.01
89.96 , 57.11
91.06 , 57.58
90.52 , 57.37
90.74 , 56.53
90.61 , 56.94
90.48 , 56.39
90.43 , 56.33
90.44 , 55.78
90.31 , 55.48
90.7 , 55.61
90.58 , 55.0
90.79 , 55.13
91.06 , 54.7
90.67 , 54.73
91.19 , 54.37
90.81 , 53.93
90.77 , 54.18
91.11 , 54.0
90.52 , 53.71
90.73 , 53.43
90.4 , 53.03
90.8 , 53.16
91.09 , 52.94
90.98 , 52.89
91.01 , 52.65
91.03 , 51.71
91.41 , 51.63
91.2 , 51.17
91.16 , 51.32
91.1 , 51.17
90.73 , 51.07
91.24 , 51.0
91.28 , 50.24
91.29 , 50.25
91.58 , 49.85
91.26 , 49.85
91.71 , 49.08
91.26 , 49.13
91.99 , 49.39
91.79 , 48.98
91.34 , 48.92
91.54 , 48.22
92.18 , 47.83
92.07 , 48.03
91.52 , 47.8
91.57 , 47.58
91.65 , 47.01
92.52 , 46.97
92.13 , 46.86
92.08 , 46.33
91.68 , 45.6
92.22 , 46.32
91.7 , 46.2
92.18 , 46.51
92.13 , 45.78
92.25 , 45.52
92.12 , 45.0
92.34 , 45.2
91.9 , 44.37
92.21 , 44.9
92.2 , 43.79
92.49 , 44.19
92.81 , 43.83
92.85 , 43.38
92.61 , 43.37
92.11 , 43.05
92.78 , 43.18
92.38 , 42.96
92.74 , 42.68
92.61 , 42.31
92.36 , 41.99
92.63 , 41.6
92.56 , 41.61
92.72 , 41.62
92.44 , 41.03
92.8 , 40.81
92.84 , 40.57
93.09 , 40.41
92.54 , 40.43
93.28 , 39.54
92.85 , 39.82
93.18 , 39.96
92.91 , 38.97
93.15 , 39.39
93.13 , 38.94
92.84 , 39.31
92.77 , 38.1
93.35 , 38.33
93.31 , 38.13
93.6 , 38.18
93.06 , 37.85
92.94 , 36.94
93.57 , 37.04
92.75 , 36.93
93.16 , 36.84
93.35 , 36.29
93.21 , 36.46
93.19 , 36.08
93.21 , 35.94
93.94 , 35.75
93.8 , 35.5
93.31 , 35.09
93.6 , 35.05
93.46 , 34.88
93.46 , 34.52
93.67 , 33.99
93.96 , 34.07
93.77 , 33.83
93.24 , 33.26
93.58 , 33.65
93.69 , 33.33
93.61 , 32.74
93.78 , 33.0
93.51 , 32.47
94.06 , 32.33
93.99 , 32.27
94.1 , 31.6
94.21 , 31.43
94.0 , 31.77
94.73 , 31.55
94.26 , 30.77
93.99 , 31.17
94.3 , 30.17
94.64 , 30.45
94.61 , 30.18
93.76 , 29.68
94.3 , 29.6
94.75 , 29.25
94.38 , 29.18
94.41 , 28.72
94.16 , 28.11
94.58 , 28.49
94.58 , 28.05
94.56 , 27.85
94.34 , 27.96
94.78 , 27.8
94.64 , 27.33
95.04 , 27.52
94.56 , 26.72
94.84 , 26.85
94.55 , 27.12
94.29 , 26.12
94.9 , 26.36
94.41 , 25.78
95.27 , 26.02
94.87 , 25.45
94.75 , 25.32
94.74 , 24.49