4.69 , 10.09
5.29 , 9.88
4.76 , 9.99
5.25 , 10.29
4.87 , 9.69
5.4 , 10.14
5.65 , 10.27
5.29 , 9.96
6.0 , 9.96
5.2 , 9.75
5.47 , 10.07
5.4 , 10.02
5.6 , 10.22
5.85 , 10.1
5.17 , 10.23
5.31 , 10.01
5.34 , 10.06
5.56 , 10.11
6.63 , 10.05
6.06 , 9.74
5.82 , 10.24
5.91 , 10.17
6.0 , 9.83
6.16 , 9.88
6.53 , 9.96
6.28 , 10.09
6.39 , 9.94
6.45 , 10.07
6.56 , 10.26
6.32 , 9.91
6.53 , 10.22
6.79 , 10.02
6.56 , 10.24
6.54 , 10.17
6.56 , 9.97
6.3 , 10.03
6.75 , 10.51
6.89 , 10.39
6.88 , 10.31
6.78 , 10.33
7.22 , 10.06
6.65 , 10.64
6.93 , 10.39
7.13 , 9.87
7.56 , 10.6
7.04 , 10.35
7.08 , 9.94
7.06 , 10.26
7.41 , 10.35
7.19 , 10.51
7.03 , 10.38
7.55 , 10.11
6.86 , 9.96
7.42 , 10.32
7.79 , 9.94
7.45 , 10.36
7.45 , 9.61
7.74 , 10.78
7.83 , 9.98
7.52 , 10.27
8.29 , 10.37
7.74 , 10.61
7.74 , 10.69
7.63 , 10.11
8.03 , 10.58
8.05 , 10.31
7.48 , 10.06
7.83 , 10.1
8.17 , 10.16
8.26 , 10.27
8.03 , 10.28
8.26 , 10.47
8.08 , 10.2
7.9 , 10.66
8.65 , 10.22
8.21 , 9.96
8.42 , 10.32
8.97 , 10.34
8.27 , 9.67
8.86 , 10.33
8.15 , 10.33
8.2 , 11.16
8.92 , 10.43
8.65 , 9.76
8.7 , 9.91
8.93 , 9.77
8.6 , 10.61
9.28 , 10.01
8.53 , 10.53
9.17 , 10.07
8.83 , 10.15
8.75 , 10.15
9.4 , 10.5
9.65 , 10.31
9.14 , 10.09
9.19 , 10.01
8.82 , 10.52
9.67 , 10.55
9.69 , 10.41
9.22 , 10.37
9.35 , 10.08
9.07 , 9.99
9.53 , 10.4
9.46 , 10.72
9.67 , 10.52
9.97 , 10.17
9.22 , 10.57
9.58 , 10.71
9.89 , 10.64
10.04 , 9.87
10.07 , 10.22
9.75 , 10.29
10.17 , 10.62
10.28 , 9.99
9.92 , 9.81
10.09 , 10.56
9.97 , 10.47
10.26 , 10.67
10.04 , 10.21
10.1 , 10.86
10.61 , 10.4
10.44 , 10.46
10.47 , 10.38
10.38 , 10.12
10.35 , 10.85
10.69 , 10.46
10.55 , 10.46
10.73 , 10.29
10.74 , 10.52
10.55 , 10.26
10.53 , 10.2
11.05 , 9.88
10.8 , 10.32
10.76 , 10.5
11.24 , 10.5
10.97 , 10.33
11.01 , 10.71
10.99 , 10.2
10.82 , 10.21
10.83 , 10.77
11.31 , 10.44
11.63 , 10.34
11.5 , 10.71
10.97 , 10.12
11.17 , 10.74
11.77 , 10.21
11.75 , 10.42
11.44 , 10.39
11.5 , 10.07
11.37 , 10.22
11.79 , 11.06
12.4 , 10.45
11.33 , 10.44
11.57 , 11.04
11.99 , 10.37
12.12 , 10.69
11.53 , 10.42
11.92 , 10.56
12.06 , 10.48
12.12 , 10.42
11.89 , 10.95
12.25 , 10.68
11.8 , 10.53
12.45 , 10.26
12.56 , 10.49
12.44 , 10.55
12.43 , 10.89
12.32 , 10.99
12.27 , 10.36
12.69 , 10.33
12.46 , 10.83
12.9 , 10.16
12.77 , 11.08
12.99 , 10.56
12.58 , 10.54
12.49 , 10.56
12.78 , 10.59
13.16 , 10.57
12.55 , 10.9
12.69 , 10.52
12.97 , 10.55
12.8 , 10.58
13.64 , 10.5
13.1 , 10.93
13.37 , 10.85
13.44 , 10.17
13.05 , 10.69
13.44 , 10.99
13.47 , 10.61
13.41 , 10.62
13.51 , 10.84
13.41 , 10.48
13.32 , 10.96
13.9 , 10.93
13.84 , 10.9
13.67 , 10.86
13.45 , 10.65
13.57 , 10.88
13.66 , 10.68
13.95 , 11.05
13.69 , 10.48
14.14 , 10.44
14.09 , 10.58
14.0 , 10.27
14.25 , 10.6
13.89 , 11.25
14.34 , 11.61
14.3 , 10.65
14.27 , 11.14
14.28 , 10.86
14.46 , 10.52
14.41 , 10.62
14.11 , 10.97
14.64 , 10.78
14.29 , 10.26
14.68 , 10.74
14.18 , 10.75
14.27 , 10.77
14.73 , 10.86
14.79 , 10.82
14.5 , 10.69
14.7 , 10.73
14.94 , 10.94
15.32 , 10.15
15.06 , 10.75
15.57 , 11.03
14.63 , 10.9
14.96 , 11.06
14.87 , 10.79
15.15 , 10.79
15.08 , 10.36
15.38 , 11.07
15.3 , 10.57
15.41 , 10.97
15.36 , 10.83
15.8 , 10.56
15.35 , 10.36
15.36 , 10.66
15.34 , 10.67
16.07 , 10.8
15.64 , 11.4
15.7 , 10.42
15.86 , 10.63
16.21 , 10.55
15.7 , 10.47
15.92 , 10.62
15.92 , 10.78
15.83 , 11.11
16.26 , 10.9
15.84 , 10.62
16.18 , 11.49
16.04 , 10.7
16.03 , 10.62
16.0 , 10.85
16.65 , 10.9
16.21 , 10.5
16.43 , 10.9
16.12 , 10.64
16.46 , 11.17
16.67 , 10.97
16.48 , 11.0
16.6 , 11.47
16.36 , 10.84
17.01 , 10.87
17.09 , 10.93
16.82 , 10.85
16.48 , 10.7
17.42 , 11.11
17.07 , 11.19
17.1 , 11.21
16.94 , 10.9
17.29 , 10.88
16.76 , 10.91
17.0 , 11.12
17.0 , 10.71
17.14 , 11.37
17.26 , 11.02
17.32 , 11.06
17.59 , 11.34
16.99 , 11.33
17.45 , 10.92
18.09 , 10.96
18.02 , 11.24
17.32 , 11.13
17.81 , 10.98
17.09 , 10.93
17.67 , 10.74
18.21 , 10.96
17.7 , 10.95
17.65 , 10.83
17.92 , 11.11
17.81 , 11.01
17.63 , 11.17
17.84 , 11.1
17.84 , 10.92
18.17 , 10.75
18.78 , 11.04
18.18 , 10.87
18.65 , 11.41
18.37 , 10.72
18.21 , 11.22
18.25 , 10.77
18.13 , 10.88
18.47 , 10.92
18.52 , 11.78
19.0 , 10.83
18.69 , 11.11
18.61 , 11.35
18.61 , 11.01
18.64 , 11.07
19.1 , 11.3
18.49 , 11.0
18.67 , 11.31
18.97 , 11.34
18.94 , 10.64
19.12 , 11.18
19.17 , 10.8
19.11 , 10.96
18.96 , 11.22
19.27 , 10.91
18.8 , 10.52
19.13 , 11.42
19.3 , 10.58
19.14 , 11.25
19.82 , 11.44
19.54 , 11.21
19.23 , 11.05
19.45 , 10.97
19.6 , 11.07
19.71 , 11.53
19.86 , 11.28
19.65 , 10.8
19.73 , 11.32
19.55 , 11.5
19.76 , 11.28
19.81 , 10.88
20.45 , 10.9
20.21 , 11.06
20.1 , 11.0
19.97 , 11.44
20.6 , 11.0
20.16 , 11.45
20.05 , 11.39
20.05 , 11.37
20.4 , 11.53
20.43 , 10.93
20.55 , 10.96
20.61 , 11.61
20.62 , 11.1
20.81 , 11.28
20.25 , 11.16
20.96 , 11.17
20.68 , 11.17
20.27 , 11.13
20.83 , 11.31
20.74 , 10.73
21.13 , 11.45
21.13 , 11.59
20.8 , 11.12
21.04 , 11.7
20.58 , 11.22
20.87 , 11.42
21.46 , 11.21
20.83 , 11.3
21.11 , 10.91
21.45 , 11.17
21.44 , 10.97
21.59 , 10.94
21.62 , 10.86
21.75 , 11.22
21.06 , 11.26
21.58 , 11.07
21.41 , 11.39
21.54 , 10.56
21.52 , 11.44
21.74 , 11.59
21.54 , 11.98
21.96 , 11.42
22.08 , 11.58
21.87 , 11.19
22.15 , 11.46
21.46 , 11.08
22.1 , 11.39
22.1 , 11.52
22.11 , 11.76
21.97 , 11.27
22.24 , 11.56
22.4 , 11.75
22.13 , 11.67
22.41 , 11.12
22.3 , 11.91
22.58 , 11.27
21.83 , 11.21
22.29 , 11.42
23.09 , 11.59
22.64 , 11.17
22.31 , 11.36
22.53 , 12.16
22.59 , 11.26
23.02 , 11.44
22.47 , 11.74
22.75 , 11.09
22.95 , 11.55
22.83 , 11.61
23.16 , 11.22
22.49 , 10.84
23.02 , 11.75
23.34 , 11.8
23.6 , 11.45
23.45 , 11.07
23.4 , 11.56
23.25 , 11.35
23.04 , 11.5
23.68 , 11.38
23.54 , 11.31
23.51 , 11.22
23.59 , 11.42
23.62 , 11.33
23.29 , 11.4
23.89 , 11.88
23.59 , 11.69
23.9 , 11.6
23.37 , 11.58
23.56 , 11.8
24.05 , 11.66
23.26 , 11.67
24.11 , 11.2
24.22 , 11.54
23.98 , 11.34
23.82 , 11.42
24.89 , 11.58
24.21 , 11.37
24.05 , 11.4
24.03 , 11.76
24.23 , 11.76
24.05 , 11.78
24.38 , 11.72
24.4 , 11.33
24.77 , 11.45
24.48 , 11.34
24.61 , 11.47
24.67 , 11.65
24.48 , 11.22
24.8 , 11.8
24.91 , 11.29
24.93 , 11.68
24.9 , 11.69
24.79 , 11.64
25.15 , 11.47
24.6 , 11.57
25.05 , 11.14
24.88 , 11.75
25.06 , 11.63
24.82 , 11.84
25.62 , 11.56
25.04 , 11.33
25.49 , 11.65
25.12 , 11.93
25.55 , 11.78
24.96 , 11.61
25.61 , 11.33
25.73 , 12.0
25.8 , 11.46
25.41 , 11.88
25.88 , 11.96
25.97 , 11.63
25.61 , 11.19
25.96 , 12.23
25.69 , 11.55
26.01 , 11.76
25.55 , 11.49
25.66 , 12.18
25.8 , 11.89
26.51 , 12.16
26.43 , 12.09
25.81 , 11.6
25.98 , 11.62
26.86 , 11.28
26.39 , 11.39
26.63 , 12.03
26.21 , 12.22
26.4 , 12.04
26.5 , 11.57
26.38 , 11.69
26.67 , 11.75
27.15 , 11.68
26.49 , 11.55
26.46 , 11.37
26.45 , 11.96
26.75 , 11.7
26.87 , 12.01
26.98 , 11.94
26.73 , 11.68
26.72 , 11.73
26.76 , 11.66
26.96 , 11.71
26.98 , 11.64
27.42 , 11.68
26.89 , 11.82
26.91 , 11.51
27.25 , 11.36
26.47 , 11.85
27.57 , 11.37
27.14 , 11.93
26.91 , 11.57
27.15 , 11.75
27.0 , 12.02
27.5 , 11.88
27.5 , 11.28
27.59 , 11.48
27.67 , 11.6
27.64 , 11.76
27.95 , 12.01
27.55 , 11.82
28.21 , 11.95
27.71 , 11.8
27.85 , 12.07
27.99 , 11.93
28.58 , 11.5
27.82 , 11.41
27.72 , 12.06
28.23 , 12.26
27.71 , 11.64
28.61 , 12.12
28.52 , 12.08
28.35 , 11.86
28.39 , 12.08
28.39 , 11.95
28.84 , 11.6
28.33 , 12.02
28.5 , 11.85
29.13 , 11.99
28.55 , 12.17
29.32 , 11.62
28.57 , 11.93
28.62 , 12.45
28.96 , 11.81
28.99 , 11.71
28.77 , 11.94
29.56 , 11.35
29.11 , 12.26
29.23 , 12.4
29.21 , 11.96
29.11 , 11.72
29.59 , 11.64
29.2 , 11.81
29.08 , 11.39
29.22 , 11.98
29.4 , 12.16
29.36 , 11.79
29.53 , 12.12
29.27 , 11.58
29.28 , 12.23
29.83 , 11.75
29.66 , 12.18
30.0 , 11.81
29.66 , 12.33
30.36 , 12.36
29.52 , 12.1
29.78 , 11.97
29.73 , 11.87
29.94 , 12.45
30.16 , 12.11
30.03 , 11.83
29.99 , 12.36
30.29 , 12.58
30.17 , 12.12
29.73 , 12.25
29.74 , 12.57
30.04 , 12.22
29.89 , 12.13
30.02 , 12.57
30.35 , 12.03
29.83 , 12.34
30.22 , 12.11
30.52 , 12.37
30.43 , 12.31
30.29 , 12.37
30.06 , 12.68
30.59 , 12.12
30.55 , 12.87
30.61 , 12.94
30.52 , 12.65
30.29 , 12.46
30.19 , 12.5
30.73 , 12.88
30.99 , 12.82
30.48 , 12.93
30.72 , 13.3
31.28 , 13.13
30.54 , 12.79
30.9 , 12.77
31.01 , 13.16
31.12 , 13.08
30.72 , 12.84
30.94 , 13.42
31.39 , 13.36
31.12 , 13.32
31.26 , 13.51
31.3 , 12.83
31.36 , 13.35
31.03 , 13.42
31.25 , 13.3
30.78 , 13.38
31.38 , 13.37
30.87 , 13.53
31.48 , 13.5
31.43 , 13.4
31.19 , 13.65
31.3 , 13.6
32.23 , 13.76
31.48 , 13.21
31.5 , 13.84
31.33 , 13.62
30.97 , 13.86
31.41 , 13.92
31.93 , 13.74
31.87 , 13.88
31.6 , 13.78
31.47 , 14.2
31.93 , 13.67
31.95 , 13.77
31.39 , 14.28
31.48 , 14.31
31.88 , 14.28
31.99 , 14.37
31.98 , 14.26
31.98 , 14.42
31.85 , 14.44
32.36 , 14.2
32.12 , 14.12
31.97 , 14.35
31.98 , 14.09
32.09 , 14.4
32.21 , 14.56
31.71 , 14.77
32.14 , 14.26
32.12 , 14.59
32.46 , 14.42
32.32 , 14.15
32.35 , 14.55
32.23 , 14.84
32.81 , 14.91
32.2 , 15.06
32.34 , 14.71
32.31 , 14.86
32.62 , 14.82
32.46 , 14.78
32.44 , 15.09
32.44 , 14.84
32.55 , 14.73
32.58 , 14.58
32.76 , 15.12
32.62 , 15.4
32.52 , 15.19
32.87 , 14.95
32.72 , 15.34
32.83 , 15.22
33.19 , 15.24
32.45 , 15.03
33.11 , 15.22
32.66 , 14.79
33.04 , 15.69
32.68 , 14.81
33.14 , 15.25
32.98 , 15.33
32.85 , 15.56
33.34 , 15.57
33.0 , 15.77
33.14 , 15.69
32.96 , 15.74
33.41 , 15.93
33.26 , 15.76
33.14 , 15.9
33.51 , 15.98
33.25 , 15.44
33.36 , 15.73
33.22 , 15.96
33.67 , 15.94
33.74 , 15.98
33.25 , 15.77
33.44 , 16.12
33.78 , 16.01
33.83 , 15.81
33.58 , 16.42
33.75 , 16.34
33.21 , 15.7
33.49 , 16.39
34.13 , 16.03
33.52 , 15.96
33.57 , 16.38
33.74 , 16.74
34.03 , 16.14
33.94 , 16.31
34.11 , 16.6
33.85 , 16.63
34.11 , 16.42
34.06 , 16.65
33.95 , 16.35
34.37 , 16.55
33.94 , 16.69
33.76 , 16.63
33.81 , 16.54
33.74 , 16.5
34.43 , 16.67
33.94 , 17.17
34.11 , 17.14
34.17 , 16.45
34.78 , 16.74
34.54 , 17.17
34.06 , 16.93
34.27 , 17.09
34.44 , 16.67
34.49 , 17.2
34.43 , 17.18
34.4 , 17.07
34.65 , 17.15
34.91 , 17.38
34.83 , 17.36
34.69 , 16.93
34.94 , 17.67
34.77 , 17.22
34.73 , 17.61
34.84 , 17.1
34.76 , 17.19
34.78 , 17.19
34.65 , 17.81
35.15 , 17.08
34.68 , 17.4
34.86 , 17.21
35.2 , 17.18
35.18 , 17.78
34.95 , 17.48
35.08 , 17.71
34.59 , 17.4
35.26 , 17.72
35.06 , 17.54
35.02 , 17.62
35.9 , 17.54
35.62 , 17.99
35.33 , 17.96
35.21 , 18.34
35.46 , 17.97
35.34 , 18.06
35.12 , 17.97
35.27 , 18.23
35.6 , 17.65
35.43 , 18.39
35.2 , 17.89
35.79 , 18.18
35.46 , 17.95
35.65 , 18.14
35.69 , 18.41
35.84 , 18.26
35.57 , 18.38
35.7 , 18.45
35.62 , 18.39
35.64 , 18.33
35.85 , 18.79
35.71 , 18.69
35.96 , 18.6
36.07 , 18.47
36.07 , 18.72
35.11 , 18.76
36.14 , 19.19
35.76 , 18.77
36.14 , 18.54
36.37 , 18.92
35.91 , 18.55
36.04 , 19.46
36.7 , 18.3
35.75 , 19.11
36.2 , 18.82
36.41 , 19.03
36.36 , 19.11
36.05 , 19.4
36.23 , 19.39
36.55 , 19.15
36.44 , 19.16
35.99 , 19.13
36.57 , 18.85
36.13 , 19.54
36.72 , 18.93
36.67 , 19.33
36.82 , 19.29
36.56 , 19.22
36.69 , 19.41
36.51 , 19.39
36.52 , 19.66
36.48 , 19.16
36.53 , 19.84
36.67 , 19.77
37.0 , 19.52
37.04 , 19.8
36.87 , 19.53
36.9 , 19.42
36.87 , 19.63
37.08 , 19.89
36.84 , 20.05
37.32 , 19.89
36.88 , 20.03
36.49 , 19.8
37.26 , 20.47
36.97 , 20.38
37.75 , 20.5
36.63 , 20.34
37.28 , 20.36
37.22 , 19.99
37.24 , 20.54
37.53 , 20.13
37.45 , 20.45
37.53 , 20.26
37.25 , 20.12
37.34 , 20.2
37.08 , 20.02
37.72 , 20.13
37.21 , 20.43
37.92 , 20.78
37.49 , 20.25
37.49 , 20.31
37.52 , 20.69
37.42 , 20.41
37.65 , 20.63
37.55 , 20.47
37.49 , 20.52
37.93 , 20.68
37.06 , 20.92
37.84 , 20.59
37.83 , 20.08
37.51 , 21.16
38.48 , 21.45
37.8 , 20.95
38.2 , 20.66
38.47 , 20.82
38.16 , 20.75
38.19 , 21.07
38.4 , 20.82
38.15 , 21.59
37.89 , 21.26
38.33 , 21.08
38.18 , 21.59
38.56 , 21.41
38.37 , 21.02
38.36 , 21.78
38.63 , 21.03
37.88 , 21.24
38.47 , 21.3
38.38 , 21.55
38.71 , 21.55
38.83 , 21.18
38.66 , 21.67
38.2 , 21.91
38.2 , 21.27
39.3 , 21.99
38.76 , 22.04
38.98 , 21.45
38.84 , 22.12
38.71 , 21.82
38.66 , 22.02
38.67 , 21.72
38.53 , 21.67
38.92 , 22.05
38.8 , 21.7
39.01 , 22.09
39.28 , 21.91
38.89 , 22.2
39.4 , 22.09
39.03 , 21.9
38.98 , 22.4
39.32 , 22.48
38.72 , 22.44
38.93 , 22.42
38.6 , 22.28
39.0 , 22.65
39.29 , 22.69
39.18 , 22.9
39.2 , 22.91
39.22 , 22.22
39.6 , 22.4
39.39 , 22.19
39.35 , 22.6
39.29 , 22.7
38.91 , 22.86
39.42 , 23.04
39.46 , 22.53
39.47 , 22.8
39.76 , 22.65
39.44 , 22.91
39.88 , 22.39
39.44 , 22.7
40.16 , 23.21
39.96 , 23.06
39.51 , 23.25
39.71 , 22.8
40.34 , 22.67
40.23 , 23.12
39.68 , 23.14
39.73 , 23.18
39.81 , 22.87
40.67 , 23.07
40.28 , 23.22
40.23 , 22.95
39.82 , 22.47
40.37 , 23.44
39.85 , 23.58
40.33 , 24.14
40.27 , 23.66
40.39 , 23.66
40.26 , 23.39
40.48 , 23.84
40.03 , 23.28
40.35 , 24.05
40.33 , 23.2
40.62 , 23.86
40.94 , 23.75
40.97 , 23.55
40.73 , 23.8
40.23 , 23.73
40.9 , 24.11
40.5 , 24.15
40.85 , 24.13
40.73 , 24.01
40.47 , 23.95
40.74 , 23.81
40.67 , 24.07
40.83 , 24.33
40.54 , 24.0
40.9 , 24.04
40.95 , 24.05
41.19 , 24.14
40.63 , 24.42
41.37 , 23.78
40.95 , 24.32
41.27 , 24.71
41.0 , 23.97
41.24 , 24.65
41.22 , 24.45
40.92 , 25.08
40.85 , 24.12
41.44 , 24.6
41.39 , 24.65
41.67 , 24.96
41.14 , 24.88
41.01 , 24.23
41.64 , 24.59
40.82 , 24.73
41.23 , 24.89
41.41 , 24.6
41.28 , 25.02
41.25 , 24.9
41.27 , 25.01
42.0 , 25.07
41.86 , 25.08
41.36 , 24.92
41.65 , 25.14
41.51 , 25.22
41.51 , 25.11
41.72 , 24.84
42.01 , 25.18
41.81 , 25.19
41.28 , 24.88
41.62 , 25.51
41.73 , 25.45
41.64 , 25.12
41.81 , 25.63
41.54 , 25.35
42.09 , 25.46
42.02 , 25.66
42.12 , 25.24
42.24 , 25.33
42.02 , 25.93
42.76 , 25.96
42.28 , 25.43
42.01 , 26.08
42.31 , 25.35
42.65 , 25.87
42.62 , 25.86
41.77 , 25.61
42.31 , 25.79
42.76 , 25.69
42.38 , 25.88
42.41 , 25.67
42.16 , 25.31
42.58 , 25.94
42.58 , 25.76
42.56 , 25.82
42.33 , 26.18
42.77 , 26.27
42.63 , 26.06
43.03 , 26.51
42.54 , 25.95
42.83 , 26.34
42.53 , 26.87
42.27 , 26.12
42.88 , 26.61
42.38 , 26.28
43.24 , 26.78
42.85 , 26.47
42.72 , 26.59
42.71 , 26.01
42.62 , 26.57
42.7 , 26.87
43.38 , 26.88
43.25 , 26.95
43.19 , 26.91
43.27 , 26.92
42.92 , 26.59
42.96 , 27.0
43.36 , 26.63
43.02 , 26.71
43.52 , 26.86
43.27 , 26.75
43.33 , 27.36
43.21 , 26.9
43.84 , 27.21
43.16 , 27.33
43.16 , 27.23
42.87 , 26.87
43.77 , 27.01
43.38 , 27.21
43.59 , 27.11
43.45 , 27.71
44.03 , 27.37
43.39 , 27.19
43.64 , 27.48
44.15 , 27.26
43.81 , 27.32
43.84 , 27.28
43.93 , 27.78
43.76 , 27.44
43.92 , 27.23
44.38 , 27.25
43.86 , 27.4
44.36 , 27.54
43.88 , 28.17
44.01 , 27.53
44.07 , 27.81
43.91 , 27.74
44.08 , 28.01
44.35 , 28.07
44.16 , 28.09
44.16 , 28.22
44.35 , 27.85
44.59 , 27.61
44.06 , 27.82
44.3 , 27.75
44.06 , 27.61
44.42 , 27.93
44.98 , 28.35
44.17 , 28.52
44.51 , 28.49
44.24 , 28.55
44.82 , 28.19
44.36 , 28.23
44.67 , 28.96
45.09 , 28.77
44.61 , 28.34
44.79 , 28.39
44.61 , 28.44
44.97 , 28.51
44.84 , 28.49
44.76 , 28.51
45.16 , 28.68
45.25 , 28.61
45.17 , 28.34
44.83 , 28.71
44.8 , 28.73
44.76 , 28.75
44.85 , 28.82
44.98 , 28.6
44.98 , 28.9
44.79 , 28.95
45.45 , 28.9
45.31 , 29.14
45.0 , 29.35
45.86 , 28.8
45.8 , 28.91
45.65 , 28.67
45.6 , 29.19
45.02 , 28.98
45.11 , 29.0
45.5 , 29.21
44.81 , 29.21
45.58 , 29.34
45.92 , 28.89
45.59 , 29.4
45.74 , 29.08
45.26 , 29.41
45.63 , 29.03
45.74 , 29.52
45.86 , 28.9
45.83 , 29.36
45.61 , 29.82
46.19 , 29.69
45.76 , 30.02
45.6 , 29.68
45.72 , 29.51
45.93 , 30.3
45.97 , 29.95
45.93 , 30.14
46.02 , 29.66
46.03 , 30.28
46.01 , 30.25
46.04 , 30.5
46.16 , 30.18
46.05 , 30.26
46.09 , 29.71
46.25 , 29.82
46.58 , 30.35
46.24 , 30.36
45.62 , 30.61
46.13 , 30.42
46.97 , 29.88
46.25 , 30.41
46.49 , 29.93
46.18 , 30.76
46.29 , 30.56
46.13 , 30.22
46.05 , 30.55
46.83 , 30.54
46.5 , 30.61
46.71 , 30.51
46.76 , 31.11
47.21 , 30.51
46.37 , 31.17
46.96 , 31.02
46.89 , 30.69
47.02 , 31.07
47.1 , 30.55
47.09 , 30.76
46.77 , 30.97
46.8 , 31.5
47.06 , 31.02
46.9 , 31.05
46.92 , 31.16
47.23 , 31.26
46.72 , 31.0
47.09 , 30.81
47.19 , 31.12
47.14 , 31.28
47.0 , 31.61
47.45 , 31.11
47.34 , 31.47
47.06 , 31.23
47.45 , 30.7
46.98 , 31.47
47.49 , 31.18
47.58 , 32.01
47.45 , 31.47
47.44 , 31.26
47.59 , 31.6
47.67 , 31.94
47.52 , 31.66
47.63 , 32.09
47.21 , 31.68
47.45 , 31.75
47.84 , 31.77
47.85 , 31.83
47.51 , 31.65
47.38 , 31.91
47.65 , 32.09
48.03 , 31.69
47.54 , 32.1
47.62 , 32.04
48.03 , 31.92
48.35 , 31.86
48.04 , 31.98
47.24 , 32.07
47.95 , 32.3
47.99 , 32.0
47.92 , 32.14
48.27 , 32.18
48.42 , 32.5
47.95 , 32.58
47.6 , 32.36
47.95 , 32.36
48.52 , 32.42
48.22 , 32.77
48.1 , 32.27
48.56 , 32.67
47.99 , 32.59
48.57 , 32.54
48.31 , 32.65
48.49 , 32.47
48.68 , 32.29
48.48 , 33.25
48.26 , 32.74
47.98 , 32.57
48.3 , 32.83
48.49 , 33.31
48.41 , 32.87
48.73 , 33.08
48.93 , 32.56
49.28 , 32.9
48.58 , 32.6
48.68 , 32.6
48.87 , 32.93
48.93 , 32.92
48.9 , 33.71
49.21 , 33.22
48.69 , 33.58
48.55 , 32.89
49.33 , 33.13
49.37 , 33.46
49.61 , 33.79
49.24 , 33.22
49.27 , 33.77
49.18 , 32.72
49.08 , 33.39
49.19 , 33.42
49.52 , 33.23
49.38 , 33.08
48.75 , 33.36
49.14 , 33.42
49.18 , 33.83
49.53 , 33.73
49.46 , 33.57
49.2 , 33.42
49.37 , 33.53
49.42 , 34.03
49.67 , 34.21
49.33 , 33.36
49.31 , 34.44
49.8 , 33.87
49.98 , 33.91
50.1 , 33.94
49.61 , 34.25
49.45 , 34.07
50.26 , 34.25
49.52 , 34.11
49.82 , 34.02
49.96 , 34.56
49.9 , 34.5
49.99 , 34.34
49.76 , 34.58
50.32 , 34.26
49.79 , 34.54
50.06 , 34.72
50.19 , 34.44
49.75 , 34.66
50.15 , 34.22
49.78 , 34.12
50.34 , 34.5
49.38 , 34.42
50.09 , 34.65
50.28 , 34.62
50.49 , 35.0
50.28 , 35.17
50.33 , 34.59
50.43 , 34.48
50.35 , 34.61
50.35 , 34.96
49.87 , 35.04
50.58 , 34.92
50.72 , 35.09
50.48 , 34.79
50.78 , 35.26
50.26 , 34.92
50.36 , 35.35
50.55 , 34.86
51.1 , 35.32
50.81 , 35.3
50.73 , 35.28
51.03 , 35.42
50.72 , 35.36
51.34 , 35.23
50.57 , 35.43
50.64 , 36.1
51.11 , 35.62
51.08 , 36.0
50.76 , 35.53
50.63 , 35.88
51.06 , 36.05
51.04 , 35.38
50.96 , 35.87
50.96 , 35.77
51.01 , 35.56
51.08 , 36.18
50.98 , 35.88
51.49 , 35.65
50.93 , 36.25
51.78 , 35.84
51.07 , 36.16
51.39 , 35.76
51.33 , 35.4
51.26 , 35.73
51.16 , 36.22
51.59 , 36.53
50.87 , 35.97
51.37 , 36.5
51.87 , 36.23
51.66 , 36.05
51.54 , 36.16
51.06 , 36.78
51.91 , 36.86
52.07 , 36.49
52.0 , 35.98
51.56 , 36.65
51.75 , 36.06
51.87 , 36.18
51.91 , 36.93
51.65 , 36.45
52.1 , 36.59
52.04 , 36.42
51.94 , 36.07
52.01 , 37.02
51.8 , 36.69
52.29 , 37.07
52.44 , 36.58
52.07 , 37.28
52.08 , 36.94
52.02 , 36.73
51.51 , 36.79
51.73 , 36.71
52.07 , 37.34
52.54 , 37.13
52.25 , 36.71
52.53 , 36.89
52.41 , 37.37
52.42 , 37.16
52.25 , 37.46
52.66 , 37.41
52.97 , 36.85
52.59 , 37.46
52.7 , 37.41
52.76 , 36.98
52.66 , 37.69
52.69 , 37.38
52.95 , 37.02
52.86 , 37.88
52.73 , 37.32
52.96 , 37.45
52.65 , 37.64
52.46 , 37.8
52.61 , 37.52
53.13 , 37.69
53.04 , 38.08
53.39 , 38.29
52.89 , 38.03
52.64 , 38.03
53.42 , 37.68
53.24 , 38.11
53.11 , 37.77
53.56 , 37.63
53.25 , 38.24
53.3 , 38.43
53.64 , 38.18
53.75 , 38.29
53.02 , 38.05
53.43 , 38.21
52.96 , 38.78
53.02 , 37.94
53.56 , 38.31
53.87 , 38.35
53.6 , 38.51
53.35 , 38.03
53.45 , 38.65
53.52 , 38.75
53.49 , 38.65
53.66 , 38.71
53.69 , 38.58
53.6 , 38.88
53.74 , 38.72
53.94 , 38.4
53.59 , 38.65
54.16 , 38.43
53.61 , 38.48
53.79 , 38.49
53.72 , 38.93
53.68 , 38.83
53.68 , 38.81
54.14 , 38.39
54.06 , 38.99
54.06 , 39.03
54.21 , 38.67
54.1 , 39.19
54.49 , 38.72
54.04 , 38.75
54.22 , 38.86
54.0 , 39.36
54.85 , 38.67
54.73 , 39.0
54.51 , 39.35
54.68 , 39.24
54.19 , 39.31
54.63 , 39.14
54.56 , 39.39
54.53 , 39.43
54.67 , 39.66
54.47 , 39.41
54.04 , 39.31
54.22 , 39.73
54.36 , 39.42
54.8 , 39.88
55.0 , 39.45
54.79 , 39.96
54.54 , 39.67
54.48 , 39.6
54.99 , 39.82
54.75 , 39.69
55.26 , 40.05
54.59 , 40.44
54.83 , 39.89
54.84 , 39.82
55.16 , 39.63
55.0 , 39.96
55.44 , 40.18
55.11 , 40.26
55.15 , 40.2
54.38 , 40.32
54.92 , 40.44
55.08 , 40.17
54.77 , 40.09
55.07 , 40.37
54.77 , 40.35
55.09 , 40.32
54.97 , 40.38
54.34 , 40.6
55.01 , 40.82
55.33 , 40.48
55.15 , 40.78
55.02 , 40.96
55.22 , 40.48
55.37 , 40.8
54.83 , 40.71
54.94 , 40.65
55.27 , 41.08
54.77 , 41.23
55.06 , 41.09
55.24 , 41.09
54.93 , 41.28
54.54 , 40.9
55.12 , 41.51
54.57 , 41.29
54.83 , 41.26
55.15 , 41.75
55.44 , 41.66
55.16 , 41.5
54.53 , 41.61
54.7 , 41.28
55.03 , 41.2
55.44 , 41.8
55.09 , 41.81
55.06 , 41.75
55.18 , 41.61
55.07 , 41.87
55.19 , 41.59
55.06 , 41.88
55.16 , 42.09
55.04 , 42.12
55.11 , 42.39
55.07 , 42.23
54.76 , 42.08
55.19 , 42.44
54.75 , 42.21
54.93 , 42.28
54.88 , 42.21
54.98 , 42.39
55.25 , 42.19
54.76 , 42.65
55.12 , 42.45
54.71 , 42.8
54.73 , 42.87
55.06 , 42.59
54.96 , 42.88
55.0 , 42.28
54.82 , 42.22
55.1 , 43.04
55.26 , 42.51
55.53 , 43.35
54.97 , 42.44
54.78 , 43.24
55.52 , 42.89
54.54 , 42.83
55.48 , 43.12
54.65 , 42.64
55.16 , 43.41
54.88 , 43.2
55.02 , 43.21
54.86 , 43.2
54.85 , 43.69
55.1 , 43.68
55.46 , 42.9
54.98 , 43.76
54.94 , 43.41
55.1 , 43.47
54.79 , 43.57
55.01 , 43.7
55.22 , 43.75
54.88 , 44.55
54.94 , 43.76
54.96 , 43.7
54.6 , 43.97
55.36 , 43.51
54.81 , 44.11
54.83 , 44.19
54.99 , 43.82
54.94 , 44.01
55.13 , 43.55
55.1 , 44.56
55.04 , 44.34
54.86 , 44.4
54.96 , 44.04
54.7 , 43.83
55.11 , 44.5
55.27 , 44.56
55.17 , 44.21
54.53 , 44.44
54.92 , 44.72
54.96 , 44.64
55.01 , 44.79
55.05 , 44.85
54.87 , 44.79
54.63 , 44.58
54.93 , 45.01
54.81 , 44.59
55.24 , 44.78
54.57 , 44.79
54.7 , 44.47
54.9 , 45.55
54.81 , 44.96
55.28 , 45.23
54.97 , 45.6
54.7 , 45.29
55.12 , 45.4
54.7 , 45.16
55.44 , 45.41
54.93 , 45.75
54.55 , 45.51
54.56 , 45.92
54.75 , 45.64
54.77 , 45.69
55.08 , 45.71
54.92 , 45.81
54.94 , 45.67
55.16 , 46.05
54.66 , 45.63
54.8 , 46.0
54.65 , 46.36
55.01 , 46.05
55.22 , 45.87
55.09 , 46.21
55.32 , 45.89
55.34 , 46.34
55.06 , 46.51
54.94 , 46.24
55.21 , 46.24
55.27 , 46.72
55.05 , 46.46
54.84 , 46.23
55.36 , 46.25
55.02 , 46.63
54.78 , 46.43
54.82 , 47.17
55.09 , 47.03
55.51 , 46.98
55.33 , 46.67
54.83 , 47.18
55.37 , 46.61
55.29 , 46.98
55.2 , 47.2
55.48 , 46.84
55.0 , 47.36
54.94 , 47.23
54.98 , 46.71
54.86 , 47.4
54.87 , 46.84
54.88 , 47.29
55.13 , 47.4
55.14 , 47.1
54.85 , 47.21
54.89 , 47.56
55.34 , 47.43
55.27 , 47.82
54.72 , 47.38
55.04 , 47.28
55.47 , 47.2
54.7 , 47.91
54.82 , 47.94
54.76 , 48.07
54.86 , 48.03
55.26 , 47.52
54.78 , 47.5
54.73 , 48.22
55.0 , 48.24
55.36 , 48.33
55.19 , 48.01
54.91 , 48.24
55.22 , 48.48
55.08 , 48.18
54.99 , 48.71
55.08 , 48.84
54.83 , 48.61
55.06 , 48.62
54.82 , 48.56
54.99 , 48.45
54.71 , 48.21
54.92 , 48.75
55.07 , 48.72
55.09 , 48.37
55.27 , 48.76
54.82 , 48.65
55.26 , 48.88
54.59 , 49.4
54.64 , 49.35
55.22 , 48.72
55.32 , 49.33
55.27 , 49.22
55.09 , 49.16
54.88 , 49.22
55.33 , 49.17
55.5 , 48.85
55.02 , 48.91
54.57 , 49.39
54.93 , 49.23
54.75 , 49.36
54.61 , 49.41
54.88 , 49.19
55.11 , 49.09
55.12 , 49.66
55.14 , 49.67
55.21 , 49.62
54.74 , 49.82
54.81 , 49.68
55.04 , 49.59
55.25 , 49.48
55.31 , 49.9
55.43 , 50.23
55.18 , 50.07
55.04 , 49.7
54.87 , 49.85
54.83 , 50.1
54.81 , 50.21
54.95 , 50.1
55.11 , 50.38
54.68 , 50.23
55.74 , 50.36
55.12 , 50.18
55.25 , 50.83
55.15 , 50.45
55.02 , 50.06
55.16 , 50.5
55.11 , 50.71
55.06 , 51.19
55.24 , 50.55
55.16 , 50.91
55.02 , 51.15
54.92 , 50.41
54.75 , 50.98
54.76 , 50.97
54.63 , 51.07
54.95 , 50.8
54.87 , 51.0
55.24 , 51.17
54.96 , 51.2
55.23 , 51.32
55.45 , 51.07
55.21 , 51.32
54.85 , 51.48
55.22 , 51.62
55.13 , 51.21
55.05 , 51.56
55.42 , 51.54
55.05 , 51.95
55.03 , 51.49
55.08 , 51.84
55.05 , 51.28
54.91 , 51.98
54.83 , 51.99
55.05 , 51.63
55.21 , 51.34
54.49 , 51.53
55.14 , 51.89
55.17 , 51.98
55.04 , 51.92
54.91 , 52.34
55.2 , 51.81
55.15 , 52.68
55.2 , 51.99
55.19 , 52.33
54.93 , 52.56
55.31 , 52.23
55.04 , 52.31
55.01 , 52.84
54.9 , 52.64
55.07 , 52.56
54.73 , 52.74
54.74 , 52.81
54.99 , 52.71
54.9 , 52.51
54.76 , 52.76
54.99 , 52.88
54.94 , 53.04
55.05 , 52.93
54.95 , 52.94
55.17 , 52.81
54.71 , 53.12
55.11 , 53.08
55.07 , 52.8
54.77 , 53.16
55.0 , 52.9
55.12 , 52.78
55.32 , 53.04
54.87 , 53.08
54.68 , 53.31
54.54 , 53.35
55.05 , 53.4
55.0 , 53.16
54.55 , 53.24
55.27 , 53.69
54.57 , 54.07
55.16 , 53.96
55.26 , 54.06
54.59 , 53.81
54.82 , 54.31
55.18 , 53.87
54.95 , 53.4
55.03 , 53.76
55.34 , 54.19
54.99 , 53.96
55.28 , 53.97
55.28 , 54.19
54.94 , 54.28
55.44 , 53.84
55.19 , 54.46
54.95 , 54.68
55.17 , 54.5
54.76 , 54.55
54.69 , 54.58
55.54 , 54.28
55.39 , 54.28
55.03 , 54.77
54.65 , 54.71
54.82 , 54.53
55.22 , 54.7
55.11 , 54.77
55.1 , 55.19
55.04 , 54.79
55.02 , 55.08
55.12 , 54.42
54.99 , 55.1
55.65 , 54.89
54.94 , 54.79
54.99 , 54.69
54.8 , 55.15
54.64 , 55.15
54.84 , 55.57
55.4 , 55.82
55.04 , 55.51
55.59 , 55.23
55.43 , 55.21
55.27 , 55.09
54.91 , 55.48
54.95 , 55.09
55.04 , 55.54
55.38 , 55.8
54.47 , 55.73
55.27 , 55.72
54.83 , 55.45
54.92 , 55.6
54.94 , 55.8
55.32 , 55.68
55.09 , 55.7
55.08 , 56.27
54.87 , 55.77
55.02 , 56.11
54.85 , 56.25
55.03 , 56.36
54.67 , 56.42
55.32 , 56.08
55.5 , 56.38
54.69 , 56.11
54.82 , 56.26
54.95 , 56.53
54.96 , 56.43
54.77 , 56.04
54.83 , 56.29
55.23 , 56.04
55.29 , 55.97
54.96 , 56.73
54.73 , 56.53
55.22 , 56.55
54.98 , 56.87
55.17 , 56.59
55.33 , 56.91
55.26 , 56.64
55.28 , 57.02
55.2 , 56.93
55.22 , 57.14
54.54 , 57.79
54.84 , 57.33
54.96 , 57.15
54.91 , 57.54
55.24 , 57.58
54.6 , 57.6
54.63 , 58.02
55.1 , 57.77
55.01 , 57.57
54.83 , 58.07
54.93 , 57.89
54.81 , 57.63
54.91 , 57.68
54.88 , 57.91
55.17 , 57.4
54.9 , 57.52
55.27 , 57.57
55.12 , 57.97
54.99 , 57.49
55.43 , 57.98
55.18 , 58.33
54.76 , 57.86
55.44 , 58.64
54.8 , 58.18
55.24 , 58.21
55.34 , 58.44
54.99 , 58.5
54.89 , 58.69
54.84 , 58.75
55.63 , 58.03
55.43 , 58.14
54.99 , 59.01
55.28 , 58.77
55.1 , 58.69
55.12 , 58.64
54.94 , 58.43
55.44 , 58.78
55.48 , 59.01
55.12 , 58.6
54.94 , 58.93
54.98 , 58.88
54.44 , 58.9
54.95 , 58.93
54.93 , 58.7
54.79 , 59.51
54.77 , 59.05
54.8 , 59.19
54.88 , 59.77
54.75 , 59.66
54.89 , 59.47
55.64 , 59.4
55.01 , 58.73
54.92 , 59.44
55.04 , 59.6
54.73 , 59.35
55.2 , 59.56
55.02 , 59.84
55.04 , 59.76
54.74 , 59.76
54.58 , 60.25
54.82 , 60.27
54.89 , 59.86
55.34 , 59.99
55.06 , 59.92
54.95 , 59.85
54.82 , 59.63
54.97 , 59.92
55.36 , 60.7
55.49 , 59.91
54.92 , 60.22
54.63 , 60.69
55.19 , 60.42
55.5 , 60.51
54.94 , 60.5
54.9 , 60.6
54.68 , 60.65
54.94 , 60.46
54.92 , 60.58
54.58 , 60.81
54.96 , 61.15
55.01 , 60.98
55.01 , 60.76
54.71 , 60.72
54.87 , 60.28
54.94 , 60.75
55.09 , 61.23
54.94 , 61.31
55.33 , 61.25
54.93 , 61.13
55.42 , 61.54
55.3 , 60.76
54.45 , 61.69
55.19 , 61.62
55.16 , 61.25
55.13 , 61.36
55.39 , 61.63
54.78 , 61.27
55.27 , 61.73
55.09 , 61.64
54.7 , 61.38
55.15 , 61.18
55.14 , 61.83
55.18 , 61.94
55.49 , 61.85
54.81 , 61.39
54.45 , 61.89
55.24 , 61.49
55.06 , 61.77
54.95 , 62.05
55.03 , 61.75
55.21 , 62.05
54.54 , 62.33
55.41 , 62.08
55.42 , 61.82
54.95 , 62.59
55.35 , 62.44
55.28 , 62.25
55.2 , 62.64
55.25 , 62.54
55.23 , 62.6
55.17 , 62.14
55.17 , 62.34
54.92 , 62.64
55.08 , 62.34
54.88 , 62.77
54.91 , 62.76
55.07 , 62.86
54.88 , 62.89
55.16 , 62.57
55.21 , 62.68
55.11 , 63.13
55.18 , 62.73
54.79 , 62.77
55.16 , 63.15
54.56 , 63.34
55.31 , 63.07
55.0 , 63.31
54.76 , 63.18
55.15 , 63.25
55.01 , 63.41
55.45 , 63.49
55.1 , 63.35
55.33 , 63.53
55.01 , 63.89
55.35 , 63.37
54.94 , 63.97
54.9 , 64.09
54.97 , 64.23
54.77 , 63.29
54.65 , 64.32
54.83 , 63.76
54.87 , 63.73
55.05 , 63.99
54.86 , 63.87
55.35 , 64.29
55.26 , 64.41
54.97 , 64.36
55.43 , 63.98
55.36 , 63.61
54.53 , 63.9
54.76 , 64.07
54.89 , 64.56
54.83 , 64.31
54.69 , 64.05
54.97 , 64.3
55.24 , 64.57
54.56 , 64.76
54.71 , 64.53
54.75 , 64.46
54.86 , 64.42
54.83 , 64.69
55.19 , 64.98
55.46 , 64.44
54.91 , 65.2
54.73 , 64.89
55.19 , 65.37
55.15 , 65.11
54.97 , 65.23
55.04 , 65.2
54.85 , 65.13
54.79 , 64.93
54.8 , 65.04
54.84 , 65.15
54.63 , 65.41
55.09 , 65.77
54.42 , 65.07
54.77 , 65.25
55.02 , 65.3
54.81 , 65.74
54.96 , 65.2
55.25 , 66.21
55.29 , 65.65
55.35 , 65.72
54.92 , 65.84
55.33 , 65.85
54.93 , 65.52
55.05 , 65.65
54.98 , 65.61
54.79 , 65.76
54.84 , 65.76
55.32 , 66.29
54.92 , 65.88
55.28 , 66.12
55.15 , 66.48
54.91 , 66.38
55.12 , 66.21
54.96 , 66.2
54.16 , 66.31
55.42 , 66.7
55.69 , 66.51
55.23 , 66.38
54.82 , 66.37
55.12 , 66.82
54.53 , 66.85
55.23 , 66.91
54.69 , 66.81
55.09 , 66.47
54.72 , 67.4
54.84 , 66.77
54.52 , 66.79
55.35 , 67.08
54.79 , 67.04
55.1 , 67.22
54.76 , 67.21
54.84 , 67.04
54.79 , 67.01
55.13 , 66.81
55.06 , 67.97
54.78 , 67.27
54.99 , 67.77
54.65 , 67.57
54.98 , 67.96
54.95 , 68.02
54.77 , 67.65
54.73 , 67.46
54.69 , 67.55
55.39 , 67.56
55.62 , 68.14
55.08 , 67.79
55.08 , 67.64
55.15 , 67.9
54.52 , 67.93
55.15 , 67.98
55.08 , 68.01
54.88 , 68.31
55.35 , 68.02
55.2 , 67.87
55.32 , 67.98
55.02 , 68.47
54.88 , 68.29
55.26 , 68.18
55.09 , 68.64
55.07 , 68.22
54.91 , 68.39
55.01 , 68.65
54.62 , 68.53
55.05 , 68.96
54.64 , 68.41
55.23 , 68.67
55.28 , 68.71
54.84 , 68.75
55.31 , 68.99
55.05 , 68.89
55.27 , 69.05
55.07 , 69.12
55.03 , 68.71
55.23 , 69.33
55.35 , 69.06
54.71 , 69.22
54.86 , 68.71
55.04 , 69.02
55.02 , 69.14
55.21 , 69.51
55.13 , 69.64
54.87 , 69.97
54.58 , 69.62
55.26 , 69.38
55.03 , 69.23
54.9 , 69.64
54.69 , 69.14
54.92 , 69.45
54.77 , 69.66
54.67 , 70.01
55.29 , 69.8
54.86 , 69.82
54.98 , 69.69
54.85 , 70.03
54.78 , 69.81
54.89 , 69.77
55.03 , 69.73
55.17 , 70.26
54.91 , 70.33
55.16 , 70.06
54.85 , 70.04
54.75 , 70.13
54.83 , 70.39
55.32 , 70.38
54.99 , 70.28
55.13 , 70.4
54.66 , 70.34
54.68 , 70.34
54.69 , 70.9
54.64 , 70.33
54.14 , 70.52
54.32 , 70.39
54.58 , 70.7
54.63 , 70.93
54.26 , 70.53
54.25 , 70.48
54.27 , 70.55
54.57 , 70.54
54.91 , 70.33
54.55 , 70.48
54.21 , 70.61
54.3 , 71.05
54.17 , 70.81
54.0 , 70.8
54.01 , 70.88
54.21 , 71.29
53.99 , 70.62
54.05 , 71.35
53.86 , 71.27
53.8 , 70.91
54.11 , 70.8
53.93 , 70.63
53.75 , 71.41
53.85 , 71.19
54.07 , 71.17
53.64 , 71.33
53.87 , 71.5
53.82 , 71.79
53.97 , 71.5
54.37 , 71.19
53.84 , 71.42
54.27 , 71.71
53.93 , 71.77
54.06 , 71.58
53.89 , 71.33
53.79 , 72.06
53.83 , 71.96
53.14 , 71.88
53.49 , 72.26
53.67 , 72.08
53.83 , 72.09
53.16 , 71.8
52.95 , 72.33
53.39 , 71.76
53.53 , 72.0
53.31 , 72.45
52.86 , 71.82
53.3 , 72.15
53.57 , 72.16
53.4 , 72.7
52.91 , 71.97
53.05 , 72.3
52.93 , 72.45
52.98 , 72.7
53.26 , 72.62
53.16 , 72.55
52.69 , 72.48
52.63 , 72.89
52.76 , 72.38
52.89 , 73.17
52.71 , 73.08
52.98 , 73.34
52.87 , 72.61
52.89 , 72.65
52.7 , 72.99
52.73 , 73.07
52.96 , 73.11
53.17 , 73.18
52.53 , 73.28
52.14 , 73.3
53.0 , 72.77
52.99 , 72.61
52.9 , 73.0
52.56 , 73.1
52.47 , 73.35
52.56 , 73.2
52.56 , 73.16
52.28 , 73.42
52.7 , 73.03
52.7 , 73.66
52.48 , 73.74
51.89 , 73.76
52.21 , 73.53
52.14 , 74.09
52.24 , 73.69
51.95 , 73.49
52.39 , 73.57
52.07 , 74.0
51.85 , 73.69
52.16 , 73.62
52.33 , 73.8
52.1 , 73.94
52.1 , 73.95
52.4 , 73.91
52.08 , 73.75
52.39 , 74.16
52.14 , 74.03
51.79 , 74.02
52.03 , 73.75
51.7 , 74.04
52.37 , 74.19
51.53 , 74.45
52.07 , 74.35
51.7 , 74.18
52.33 , 74.52
52.89 , 73.84
51.37 , 74.21
51.5 , 74.19
51.87 , 74.71
51.32 , 74.56
51.85 , 74.52
51.94 , 74.78
51.39 , 74.57
51.63 , 74.28
51.48 , 74.85
51.6 , 74.65
52.11 , 74.83
51.69 , 74.5
51.73 , 74.64
51.36 , 74.68
51.07 , 74.96
51.05 , 75.06
51.13 , 75.2
51.38 , 75.21
51.0 , 75.1
51.42 , 75.07
51.19 , 74.89
50.4 , 75.19
50.85 , 74.85
51.23 , 74.49
50.92 , 75.34
51.09 , 75.16
50.87 , 75.29
50.65 , 75.15
51.2 , 75.1
50.94 , 75.26
50.64 , 74.91
50.71 , 75.24
50.64 , 75.45
50.94 , 75.65
50.93 , 75.25
51.15 , 75.66
50.97 , 75.29
51.03 , 76.2
50.86 , 75.95
50.57 , 75.75
50.67 , 75.91
50.69 , 75.85
50.41 , 75.53
50.6 , 76.47
50.33 , 76.02
50.88 , 75.77
50.12 , 76.05
50.49 , 75.79
50.84 , 76.21
50.44 , 75.73
50.72 , 76.39
50.59 , 76.54
50.11 , 75.93
50.55 , 76.32
50.3 , 76.13
50.54 , 76.35
50.47 , 76.04
50.24 , 76.46
50.45 , 75.98
50.13 , 76.27
50.15 , 76.43
50.23 , 76.7
50.16 , 76.52
50.29 , 76.92
50.06 , 76.41
50.45 , 76.87
50.53 , 76.58
49.87 , 76.67
49.91 , 76.39
50.12 , 76.42
49.2 , 76.81
49.59 , 76.92
49.54 , 76.56
49.3 , 76.62
49.7 , 77.49
49.92 , 76.84
50.06 , 77.1
49.23 , 76.64
49.29 , 76.96
49.65 , 76.99
49.48 , 76.95
49.63 , 77.41
49.3 , 77.56
49.33 , 77.22
49.92 , 77.47
49.49 , 76.88
49.48 , 77.31
49.37 , 77.7
49.27 , 77.91
49.39 , 77.54
49.27 , 77.56
49.66 , 77.63
49.05 , 77.42
49.56 , 77.78
49.03 , 77.65
49.24 , 77.86
48.95 , 77.78
48.84 , 77.59
49.08 , 78.16
49.09 , 78.27
49.18 , 78.21
49.01 , 77.48
48.49 , 77.86
49.44 , 77.96
48.85 , 78.19
48.85 , 77.98
48.97 , 78.21
48.75 , 77.94
49.27 , 77.96
48.62 , 78.17
48.78 , 78.32
49.17 , 78.61
48.75 , 78.35
48.98 , 78.33
48.75 , 78.12
48.78 , 78.41
48.3 , 78.52
49.18 , 78.58
48.4 , 78.85
48.66 , 78.62
48.92 , 78.83
49.04 , 78.44
48.38 , 78.66
48.52 , 78.42
48.51 , 78.4
48.27 , 78.72
48.45 , 78.9
48.17 , 78.94
48.41 , 78.87
48.31 , 78.8
48.73 , 79.31
48.31 , 79.33
48.01 , 78.91
48.12 , 79.18
48.09 , 78.88
47.77 , 78.87
48.35 , 79.3
47.74 , 79.68
47.94 , 79.13
48.0 , 79.3
47.92 , 79.31
48.18 , 79.58
47.79 , 79.35
47.74 , 79.32
47.88 , 79.38
48.02 , 79.27
47.95 , 79.72
47.75 , 79.49
47.95 , 79.51
47.69 , 79.69
47.13 , 79.85
47.78 , 79.86
47.35 , 79.64
47.77 , 79.92
47.49 , 79.71
47.99 , 79.92
47.89 , 79.56
47.66 , 79.79
47.4 , 80.28
47.24 , 79.76
47.3 , 79.97
47.46 , 80.17
47.73 , 80.22
47.83 , 80.4
47.5 , 80.14
47.68 , 80.14
47.56 , 80.26
47.15 , 80.45
47.43 , 80.4
47.51 , 80.38
47.03 , 80.41
47.64 , 80.19
46.7 , 80.46
46.87 , 80.83
47.14 , 80.3
47.06 , 80.34
47.17 , 80.84
47.32 , 80.9
46.99 , 80.97
47.09 , 80.4
47.28 , 80.53
46.77 , 80.4
46.68 , 80.3
46.55 , 80.65
46.54 , 80.79
47.0 , 80.85
46.89 , 81.24
46.6 , 81.36
46.72 , 81.02
46.79 , 81.4
46.37 , 81.33
46.53 , 81.16
46.37 , 80.55
46.88 , 81.4
46.3 , 81.02
46.24 , 81.27
47.02 , 81.28
46.06 , 81.54
46.23 , 81.0
46.53 , 81.42
46.45 , 81.64
46.61 , 80.98
46.39 , 81.82
46.63 , 81.31
45.85 , 81.33
46.37 , 81.59
46.45 , 81.63
45.9 , 81.44
46.13 , 81.95
46.53 , 81.53
46.25 , 81.8
45.82 , 81.56
46.47 , 81.78
46.03 , 82.04
46.12 , 82.13
45.8 , 81.9
46.04 , 82.12
45.77 , 81.65
46.14 , 82.31
46.13 , 82.11
45.42 , 82.08
46.34 , 82.29
45.88 , 81.84
45.63 , 82.52
45.85 , 82.28
46.05 , 82.53
45.84 , 82.35
45.79 , 82.68
45.73 , 82.15
45.58 , 82.43
45.71 , 82.85
45.56 , 82.46
45.73 , 82.72
45.33 , 82.75
45.54 , 82.76
45.09 , 82.22
45.07 , 82.33
45.66 , 83.03
45.07 , 83.18
45.08 , 82.65
45.87 , 82.57
45.48 , 83.13
45.56 , 83.12
45.32 , 83.38
45.21 , 83.05
45.3 , 82.98
45.14 , 83.4
45.55 , 83.29
45.09 , 83.05
45.0 , 83.12
44.96 , 83.22
44.99 , 83.55
44.66 , 83.22
45.19 , 83.25
44.86 , 83.53
44.91 , 83.18
44.94 , 83.62
44.46 , 83.72
44.43 , 83.7
44.5 , 83.62
44.79 , 83.86
44.76 , 83.53
44.56 , 83.73
44.66 , 83.93
44.8 , 84.05
44.84 , 83.83
44.62 , 83.97
44.8 , 83.52
44.69 , 83.8
44.64 , 84.12
44.06 , 83.93
44.76 , 83.57
44.54 , 84.04
44.31 , 84.29
44.66 , 84.11
44.75 , 84.5
44.42 , 84.38
44.56 , 84.64
44.52 , 84.42
44.33 , 84.46
44.66 , 84.3
44.22 , 84.12
44.85 , 84.29
44.07 , 84.29
44.46 , 84.55
43.63 , 84.54
44.56 , 84.52
44.11 , 85.29
44.0 , 84.55
44.19 , 85.24
44.11 , 84.28
43.94 , 84.66
44.14 , 84.66
43.96 , 84.47
43.58 , 84.84
44.28 , 84.62
43.45 , 85.19
43.91 , 85.13
43.75 , 85.03
43.74 , 85.0
44.18 , 84.94
43.61 , 85.08
43.64 , 85.53
43.62 , 85.24
43.33 , 85.32
43.77 , 85.38
43.18 , 85.1
42.9 , 85.7
43.5 , 85.73
43.98 , 85.61
43.31 , 85.34
43.64 , 84.95
43.76 , 85.83
43.61 , 85.43
43.45 , 85.14
43.1 , 85.46
43.12 , 86.02
43.4 , 85.04
43.54 , 85.81
43.17 , 85.54
43.72 , 85.81
43.24 , 85.39
43.01 , 86.05
43.16 , 85.75
43.02 , 85.5
42.46 , 86.06
42.68 , 85.57
43.09 , 86.23
42.9 , 86.31
42.97 , 85.29
43.34 , 85.84
43.3 , 86.07
42.86 , 86.06
42.6 , 86.36
43.24 , 86.57
42.66 , 86.41
43.04 , 86.47
42.42 , 86.87
42.54 , 86.19
42.73 , 86.49
42.53 , 86.14
42.33 , 86.5
42.14 , 86.82
42.75 , 86.62
42.61 , 86.39
42.39 , 86.87
42.38 , 87.07
42.73 , 86.89
42.39 , 86.52
42.39 , 86.54
42.31 , 86.73
42.23 , 87.14
42.12 , 86.7
42.61 , 86.99
42.42 , 86.81
42.35 , 87.33
42.24 , 87.14
42.52 , 87.22
42.49 , 86.81
41.72 , 86.86
42.24 , 87.01
41.6 , 87.66
42.4 , 87.11
41.89 , 87.11
42.2 , 87.43
42.03 , 87.7
41.77 , 87.09
41.94 , 87.41
41.94 , 87.56
41.5 , 87.89
41.42 , 87.62
41.92 , 87.77
41.87 , 87.4
41.73 , 87.3
41.71 , 87.62
41.26 , 88.26
41.55 , 87.88
42.0 , 87.77
41.55 , 87.54
41.44 , 87.67
41.56 , 88.09
41.62 , 88.3
41.64 , 88.02
40.75 , 87.96
41.55 , 87.66
41.45 , 87.89
41.38 , 88.09
41.34 , 88.12
41.47 , 88.25
41.19 , 88.44
41.34 , 88.34
41.74 , 88.7
41.82 , 88.26
41.35 , 88.47
41.25 , 88.35
41.4 , 88.71
41.72 , 88.33
41.26 , 88.31
41.05 , 87.94
41.62 , 88.17
41.09 , 88.16
40.95 , 88.38
40.48 , 88.41
40.92 , 88.68
40.47 , 88.9
40.85 , 88.5
41.28 , 88.64
40.93 , 89.23
40.86 , 88.86
41.06 , 88.81
40.81 , 88.92
40.67 , 89.18
40.81 , 89.38
40.81 , 88.71
40.78 , 89.03
40.59 , 89.38
40.73 , 88.77
41.1 , 89.17
40.17 , 89.16
40.67 , 89.0
40.31 , 88.87
40.56 , 89.22
40.85 , 89.45
40.5 , 89.27
40.66 , 89.11
40.46 , 89.61
40.17 , 89.23
40.62 , 90.02
40.41 , 90.06
40.4 , 89.59
40.15 , 89.37
40.46 , 89.56
40.04 , 89.83
40.3 , 89.59
40.2 , 89.77
40.15 , 89.81
39.99 , 89.28
39.92 , 90.22
39.96 , 90.0
40.16 , 89.74
40.02 , 89.91
40.1 , 90.08
40.03 , 89.83
40.26 , 89.87
39.65 , 90.11
40.14 , 89.61
40.01 , 89.47
40.07 , 89.3
40.29 , 89.74
39.79 , 89.7
39.68 , 89.4
39.8 , 89.66
40.23 , 89.1
40.1 , 89.52
39.97 , 89.96
39.67 , 89.64
40.44 , 89.18
39.79 , 89.52
39.46 , 89.16
39.72 , 89.12
39.94 , 88.76
40.23 , 89.33
39.75 , 89.16
40.12 , 88.78
39.96 , 89.05
40.38 , 88.79
39.49 , 89.02
40.21 , 88.29
39.98 , 88.72
40.04 , 88.76
39.9 , 88.8
39.44 , 88.68
39.98 , 88.52
40.29 , 88.85
39.88 , 88.44
39.88 , 88.43
40.0 , 88.07
40.43 , 88.42
40.15 , 88.61
39.74 , 88.34
40.56 , 88.1
39.94 , 87.95
40.47 , 88.37
40.25 , 88.29
40.0 , 87.92
40.38 , 87.73
40.23 , 87.92
39.97 , 87.93
39.87 , 87.67
39.69 , 87.47
39.97 , 87.84
40.2 , 87.39
40.14 , 88.22
40.22 , 87.71
39.68 , 87.44
40.5 , 87.16
39.99 , 87.29
40.19 , 87.58
39.79 , 87.56
39.57 , 87.12
40.35 , 87.01
40.04 , 87.12
40.67 , 86.96
40.52 , 87.66
40.19 , 86.92
40.3 , 86.83
40.22 , 86.77
39.95 , 86.59
40.56 , 86.78
40.05 , 87.18
40.31 , 86.78
40.18 , 86.82
40.3 , 86.67
40.34 , 86.93
40.35 , 87.02
40.66 , 86.39
40.18 , 86.28
40.24 , 86.74
40.36 , 86.39
40.48 , 85.93
40.55 , 86.38
40.65 , 86.31
40.74 , 86.61
40.43 , 86.45
40.29 , 86.08
40.25 , 86.16
40.23 , 85.9
40.49 , 85.76
40.71 , 85.85
40.51 , 85.97
40.84 , 86.15
40.53 , 85.81
40.82 , 85.88
40.35 , 85.9
40.79 , 85.82
40.65 , 86.16
40.52 , 85.93
41.06 , 86.13
40.38 , 85.79
40.72 , 86.21
41.02 , 85.82
41.01 , 85.67
40.46 , 86.05
40.3 , 85.63
40.94 , 85.45
41.01 , 85.35
40.97 , 85.37
40.59 , 85.52
40.65 , 85.38
40.54 , 85.24
40.95 , 85.43
40.55 , 84.96
40.83 , 84.79
41.0 , 85.61
41.03 , 85.13
40.66 , 85.07
41.02 , 85.38
40.81 , 85.15
40.83 , 84.73
40.83 , 84.83
40.58 , 84.63
41.35 , 84.22
41.22 , 84.83
40.9 , 84.4
41.32 , 84.47
41.13 , 84.46
40.79 , 84.74
41.25 , 84.2
41.39 , 84.08
40.8 , 84.57
41.04 , 84.32
41.56 , 84.0
41.34 , 84.13
41.23 , 84.14
41.02 , 84.17
41.01 , 84.12
41.02 , 84.0
41.31 , 83.68
41.28 , 84.17
41.34 , 84.19
41.08 , 84.06
41.43 , 83.18
41.37 , 84.05
41.37 , 83.8
41.38 , 83.71
41.16 , 83.54
40.89 , 84.19
41.46 , 83.68
41.64 , 83.72
41.48 , 83.15
41.22 , 83.93
41.65 , 83.63
41.29 , 83.31
41.64 , 83.19
41.9 , 83.15
41.51 , 83.01
41.72 , 83.59
41.71 , 83.22
41.58 , 83.38
41.69 , 83.59
41.64 , 83.01
41.6 , 82.58
41.8 , 83.05
41.36 , 82.69
41.52 , 82.86
41.55 , 83.09
42.12 , 82.7
41.85 , 82.55
42.19 , 82.51
41.68 , 82.74
41.69 , 83.37
41.87 , 82.6
41.69 , 82.6
41.8 , 82.47
42.22 , 82.39
42.1 , 82.34
42.27 , 82.27
41.8 , 82.36
42.38 , 82.28
41.87 , 82.31
41.94 , 82.38
41.97 , 82.36
42.39 , 82.36
42.57 , 82.28
42.68 , 82.48
42.18 , 82.33
42.09 , 82.04
42.28 , 81.86
42.4 , 82.0
42.85 , 82.18
42.31 , 81.78
42.27 , 81.74
42.24 , 81.88
42.11 , 81.76
42.6 , 81.66
42.22 , 81.64
42.74 , 81.54
42.94 , 81.28
42.38 , 81.81
42.94 , 81.57
42.22 , 81.51
42.43 , 81.37
42.59 , 81.36
42.7 , 81.51
42.66 , 80.99
42.71 , 80.75
42.8 , 81.26
42.58 , 81.85
43.25 , 81.62
42.91 , 81.13
43.0 , 81.62
42.89 , 81.14
42.79 , 81.13
43.17 , 80.88
43.25 , 81.1
43.57 , 81.08
43.35 , 80.75
43.67 , 80.98
43.07 , 81.3
43.16 , 80.58
43.29 , 80.99
43.16 , 80.7
42.79 , 81.2
43.11 , 80.83
43.12 , 80.53
43.34 , 80.45
43.53 , 80.23
43.47 , 80.89
43.24 , 80.62
43.58 , 80.42
43.34 , 80.44
44.1 , 80.25
43.41 , 80.31
43.34 , 80.15
43.34 , 80.38
43.82 , 80.72
43.25 , 80.04
43.59 , 80.01
43.44 , 80.16
43.52 , 79.98
43.75 , 79.96
43.66 , 80.2
43.93 , 80.14
44.06 , 80.1
43.45 , 80.39
44.56 , 80.2
44.28 , 80.24
43.81 , 80.09
43.77 , 79.76
44.12 , 79.89
43.85 , 79.49
44.24 , 79.81
44.11 , 79.56
43.91 , 79.73
43.67 , 80.02
44.17 , 79.95
44.44 , 79.51
44.36 , 79.34
44.04 , 79.92
44.16 , 79.37
44.44 , 79.53
44.6 , 79.18
44.33 , 79.2
44.43 , 79.36
44.22 , 78.97
44.15 , 79.6
44.42 , 79.07
44.59 , 79.03
44.81 , 79.49
44.62 , 79.1
44.19 , 79.33
45.18 , 79.23
44.57 , 79.35
44.64 , 78.81
44.74 , 79.23
44.35 , 79.31
45.24 , 79.02
44.74 , 78.64
45.03 , 78.89
45.23 , 79.32
45.27 , 78.94
44.54 , 79.19
44.9 , 78.71
45.32 , 78.92
44.82 , 78.69
45.04 , 78.7
44.85 , 79.08
45.15 , 78.84
45.47 , 79.18
45.42 , 78.43
45.16 , 78.8
45.72 , 78.19
45.81 , 78.38
45.32 , 78.38
45.55 , 78.42
45.43 , 78.21
45.84 , 78.5
45.51 , 78.92
45.72 , 78.71
45.52 , 78.37
45.59 , 78.53
45.74 , 77.87
45.84 , 78.21
45.8 , 78.48
45.71 , 78.37
45.82 , 78.16
45.72 , 78.13
45.81 , 78.33
45.35 , 78.25
45.94 , 77.82
46.19 , 78.05
46.17 , 78.37
46.12 , 77.61
45.71 , 77.97
45.84 , 78.49
46.15 , 77.49
45.67 , 77.77
45.65 , 78.0
45.71 , 78.07
46.2 , 78.11
46.07 , 77.69
46.67 , 77.38
46.6 , 78.11
46.22 , 77.69
46.92 , 78.07
46.95 , 77.65
46.49 , 77.61
46.52 , 77.83
46.86 , 77.73
46.52 , 77.77
46.85 , 77.61
47.07 , 77.43
46.83 , 77.77
46.65 , 77.69
47.06 , 77.82
47.23 , 77.28
47.39 , 77.28
46.69 , 77.3
46.93 , 77.12
47.3 , 77.45
47.25 , 76.95
47.58 , 77.38
47.46 , 77.33
47.3 , 77.41
47.28 , 77.54
47.15 , 76.66
47.22 , 77.14
47.45 , 77.14
47.49 , 77.2
47.38 , 77.2
47.6 , 76.85
47.06 , 77.07
47.66 , 77.26
47.85 , 77.05
47.91 , 76.81
47.54 , 77.27
47.4 , 76.91
47.48 , 76.6
48.31 , 76.44
48.26 , 76.75
47.67 , 76.43
47.96 , 76.98
48.09 , 76.58
48.39 , 76.84
48.15 , 76.92
48.2 , 76.67
48.19 , 76.55
48.21 , 76.47
47.83 , 76.55
48.19 , 76.51
48.19 , 76.52
48.32 , 77.07
48.49 , 76.83
48.63 , 76.81
48.53 , 76.79
48.73 , 76.52
48.44 , 76.54
48.54 , 76.64
48.48 , 76.4
48.69 , 76.61
48.65 , 76.1
48.65 , 76.66
48.7 , 76.74
48.67 , 76.35
49.03 , 76.68
48.8 , 76.73
48.96 , 76.45
49.4 , 76.54
48.94 , 76.3
48.81 , 76.57
49.16 , 76.74
49.42 , 76.27
49.01 , 76.17
49.51 , 76.19
49.52 , 76.51
49.65 , 76.25
49.49 , 75.86
49.44 , 76.16
49.63 , 75.7
49.36 , 76.68
49.52 , 75.98
49.55 , 76.04
49.48 , 76.2
49.67 , 76.32
50.26 , 76.2
49.77 , 76.36
49.38 , 76.42
49.49 , 75.85
49.82 , 75.62
49.69 , 75.97
49.99 , 75.57
49.2 , 76.06
49.57 , 75.97
50.13 , 76.07
49.92 , 75.71
50.86 , 75.83
49.89 , 75.52
50.12 , 76.25
50.4 , 75.6
49.93 , 75.65
50.31 , 75.86
50.48 , 76.05
50.08 , 75.39
50.42 , 75.9
50.35 , 75.81
50.51 , 76.02
50.52 , 75.61
50.74 , 75.96
50.5 , 75.67
50.53 , 75.41
51.35 , 75.53
50.71 , 75.58
50.63 , 75.62
50.85 , 75.73
50.78 , 75.28
50.93 , 75.79
51.32 , 75.59
50.98 , 75.41
51.46 , 75.44
51.01 , 75.56
51.12 , 75.58
51.32 , 75.97
51.39 , 75.64
50.95 , 76.07
51.48 , 75.73
51.31 , 75.48
51.34 , 75.45
51.38 , 75.67
51.79 , 75.46
51.49 , 75.66
51.56 , 75.58
51.49 , 75.78
51.58 , 75.56
52.16 , 75.51
51.72 , 75.58
52.2 , 74.84
51.77 , 75.34
52.12 , 75.0
52.15 , 75.37
52.14 , 75.09
52.36 , 75.97
52.11 , 75.47
51.87 , 74.61
52.15 , 75.24
52.38 , 75.3
51.93 , 74.72
52.57 , 75.5
52.31 , 75.19
52.56 , 75.11
52.11 , 75.54
52.13 , 75.13
52.84 , 75.34
52.83 , 75.59
52.65 , 74.85
52.23 , 74.67
52.88 , 74.85
52.71 , 75.23
52.87 , 75.19
53.15 , 75.28
53.14 , 75.17
52.92 , 75.23
53.08 , 75.38
52.88 , 75.34
53.74 , 74.51
53.25 , 75.14
53.08 , 75.02
52.89 , 75.23
53.05 , 75.56
53.35 , 75.59
53.35 , 74.8
53.47 , 75.2
53.62 , 74.55
53.47 , 75.51
53.51 , 74.63
53.64 , 75.26
53.93 , 75.27
53.38 , 75.42
53.85 , 75.42
53.67 , 75.38
53.24 , 74.78
53.96 , 75.51
53.99 , 75.15
53.85 , 75.0
54.22 , 74.65
54.05 , 75.47
53.61 , 74.53
53.83 , 75.09
54.25 , 74.94
54.36 , 74.95
53.8 , 75.33
54.25 , 74.91
53.88 , 74.43
54.07 , 75.25
54.16 , 74.72
54.23 , 75.21
54.62 , 75.36
54.3 , 75.43
54.96 , 75.15
54.87 , 75.46
54.75 , 74.82
54.83 , 75.13
54.91 , 75.69
54.8 , 74.97
55.14 , 75.03
54.56 , 75.1
55.17 , 74.61
55.39 , 75.5
54.73 , 75.07
55.15 , 75.15
55.17 , 75.19
54.95 , 74.96
55.16 , 75.14
55.72 , 75.25
55.01 , 75.13
55.8 , 75.55
55.79 , 75.07
55.6 , 75.09
55.17 , 75.06
55.4 , 74.73
55.5 , 74.96
55.52 , 75.24
55.36 , 75.08
55.77 , 75.14
55.79 , 75.09
55.37 , 74.55
55.66 , 74.98
55.62 , 74.89
55.79 , 75.52
55.91 , 75.29
56.16 , 75.14
56.27 , 74.96
56.03 , 74.81
56.09 , 75.33
55.94 , 75.09
56.14 , 75.1
56.15 , 75.19
55.98 , 75.15
56.76 , 74.85
56.59 , 74.95
56.29 , 75.59
56.64 , 75.29
56.93 , 75.31
56.54 , 74.57
56.79 , 75.58
56.54 , 74.85
56.26 , 75.3
56.14 , 75.25
56.99 , 75.05
56.56 , 75.1
57.26 , 74.88
56.72 , 75.31
56.8 , 75.51
56.82 , 74.87
56.67 , 75.13
57.37 , 75.19
56.99 , 74.81
57.25 , 75.03
57.81 , 74.9
56.93 , 74.88
57.36 , 75.35
57.42 , 75.51
57.58 , 75.07
57.87 , 75.02
57.55 , 75.23
57.83 , 75.22
57.67 , 74.74
57.61 , 75.27
58.05 , 74.81
57.41 , 75.47
58.34 , 75.31
57.26 , 74.83
57.75 , 75.07
58.01 , 75.57
58.13 , 75.08
57.79 , 75.28
58.12 , 75.48
57.96 , 75.61
58.28 , 75.29
58.19 , 75.78
58.35 , 75.31
58.15 , 75.64
58.37 , 75.45
58.13 , 75.36
58.4 , 75.88
58.08 , 75.48
58.21 , 75.11
59.06 , 75.15
58.84 , 75.74
58.69 , 75.51
58.61 , 75.63
58.76 , 75.66
58.86 , 75.11
58.42 , 75.53
58.78 , 75.21
59.07 , 75.68
58.95 , 75.84
59.08 , 75.55
58.81 , 75.89
58.88 , 75.42
58.81 , 75.79
59.16 , 75.59
59.37 , 75.43
59.39 , 75.52
59.18 , 75.62
59.32 , 76.03
59.16 , 75.95
59.66 , 75.66
59.23 , 75.42
59.42 , 76.45
59.43 , 75.77
59.28 , 75.86
59.63 , 76.01
60.14 , 76.03
59.44 , 75.75
59.37 , 75.69
59.38 , 76.09
59.23 , 75.97
59.86 , 75.44
60.06 , 76.16
60.36 , 75.78
60.14 , 75.91
60.36 , 75.87
60.32 , 75.63
59.91 , 75.62
60.08 , 75.59
60.2 , 75.78
59.85 , 76.0
60.53 , 76.09
60.37 , 75.92
60.28 , 75.6
60.86 , 75.6
60.18 , 75.77
60.18 , 76.09
60.3 , 75.93
60.62 , 75.79
60.29 , 76.23
60.48 , 75.67
60.8 , 75.78
60.69 , 76.17
60.8 , 76.25
60.67 , 76.2
60.39 , 76.29
60.37 , 76.42
60.7 , 76.48
60.92 , 76.41
60.85 , 76.23
61.13 , 76.48
60.95 , 75.65
61.13 , 76.53
61.45 , 76.31
61.44 , 75.49
61.11 , 76.25
61.78 , 76.37
61.95 , 76.46
61.22 , 76.32
61.16 , 76.52
61.45 , 76.25
61.9 , 76.79
61.42 , 76.68
61.49 , 76.43
61.36 , 76.41
62.06 , 77.03
61.63 , 76.54
61.99 , 76.42
61.93 , 76.27
61.88 , 76.86
62.03 , 77.09
62.17 , 76.6
61.55 , 76.14
61.67 , 76.71
61.84 , 77.48
62.14 , 76.9
62.09 , 76.76
62.2 , 77.11
62.16 , 77.09
62.55 , 76.92
62.41 , 76.97
62.57 , 77.13
62.37 , 77.23
62.66 , 77.0
62.08 , 77.41
62.5 , 77.17
62.52 , 76.93
62.21 , 77.02
62.48 , 77.11
62.48 , 76.92
62.76 , 76.9
62.43 , 76.98
62.53 , 76.55
62.35 , 76.55
62.49 , 76.16
62.29 , 76.53
62.57 , 76.6
62.84 , 76.33
63.1 , 76.66
62.11 , 76.51
62.49 , 76.62
63.21 , 76.09
62.81 , 76.12
62.42 , 76.52
63.03 , 76.15
62.73 , 75.96
62.68 , 76.18
62.82 , 76.38
62.94 , 76.14
62.93 , 76.27
63.07 , 75.73
62.89 , 76.14
62.76 , 75.62
62.72 , 75.64
62.94 , 75.87
63.15 , 75.38
63.15 , 76.04
63.72 , 75.71
63.26 , 75.3
63.36 , 76.13
63.17 , 75.51
63.5 , 75.38
63.59 , 75.31
63.28 , 75.62
63.22 , 75.35
62.93 , 75.81
63.33 , 75.19
62.89 , 75.57
63.59 , 75.32
63.15 , 75.44
63.41 , 75.57
63.26 , 75.04
63.3 , 74.83
63.05 , 74.99
63.31 , 75.11
63.01 , 74.96
63.89 , 74.57
63.31 , 74.85
63.58 , 74.72
64.02 , 74.75
63.52 , 74.89
63.83 , 74.92
63.14 , 74.78
63.36 , 75.02
63.67 , 74.78
63.53 , 74.46
63.84 , 74.84
64.16 , 74.5
63.89 , 74.25
63.76 , 74.48
63.37 , 74.28
63.69 , 74.34
63.6 , 74.28
63.69 , 74.2
63.28 , 74.31
64.17 , 74.19
63.79 , 73.98
63.56 , 73.91
63.44 , 74.12
63.57 , 74.15
63.84 , 73.67
64.4 , 73.9
63.89 , 73.83
63.58 , 73.9
64.02 , 73.33
63.92 , 73.86
64.39 , 73.28
63.76 , 74.03
63.77 , 73.86
63.73 , 73.37
64.19 , 73.48
63.74 , 73.59
64.33 , 73.51
64.62 , 73.17
64.49 , 73.53
64.31 , 73.6
64.03 , 73.3
63.78 , 73.15
63.96 , 73.55
64.04 , 73.34
64.16 , 73.81
63.99 , 72.93
64.37 , 72.68
64.24 , 72.84
64.03 , 72.99
64.79 , 73.23
64.49 , 73.08
64.43 , 72.75
64.36 , 72.86
64.5 , 73.06
64.06 , 72.47
64.74 , 72.48
64.7 , 73.43
64.68 , 72.76
64.39 , 72.68
64.68 , 73.36
64.69 , 72.52
64.89 , 72.52
64.83 , 72.55
64.57 , 72.63
64.5 , 72.23
64.54 , 72.38
64.48 , 72.5
64.67 , 72.35
64.52 , 72.29
64.8 , 72.12
64.58 , 72.22
64.72 , 71.96
64.89 , 72.18
65.17 , 71.74
64.39 , 72.06
65.22 , 72.19
64.76 , 71.72
64.85 , 71.74
64.58 , 71.85
64.63 , 71.7
64.64 , 71.69
64.96 , 71.71
64.92 , 71.4
64.51 , 71.59
64.89 , 71.74
64.56 , 71.77
64.9 , 71.22
64.8 , 71.34
65.31 , 71.3
65.06 , 71.15
64.66 , 71.15
64.61 , 71.21
64.98 , 71.69
64.93 , 71.49
65.23 , 71.37
65.14 , 71.09
65.23 , 71.38
64.92 , 70.73
64.99 , 70.64
65.05 , 70.88
64.99 , 70.87
65.5 , 70.9
65.5 , 70.8
65.26 , 70.45
65.56 , 70.84
65.64 , 70.7
65.13 , 71.2
65.03 , 70.13
65.52 , 70.33
65.04 , 70.62
65.16 , 70.96
65.9 , 71.02
65.26 , 70.66
65.25 , 70.26
65.37 , 70.3
65.53 , 70.23
65.82 , 69.92
65.58 , 69.83
65.63 , 70.49
65.91 , 70.31
65.58 , 69.94
65.46 , 70.11
65.39 , 69.69
65.92 , 70.11
65.73 , 69.84
65.8 , 69.8
65.75 , 69.88
65.68 , 69.66
65.86 , 69.58
66.1 , 69.97
65.66 , 69.82
65.95 , 69.67
65.47 , 69.69
65.69 , 69.53
66.32 , 69.55
65.46 , 69.68
66.1 , 69.25
65.84 , 69.24
65.94 , 69.67
66.55 , 69.28
65.94 , 69.65
65.86 , 69.48
65.78 , 70.02
65.75 , 69.36
66.39 , 69.38
66.4 , 69.33
66.02 , 69.23
66.25 , 69.07
66.27 , 68.9
65.86 , 69.29
66.13 , 69.3
66.58 , 68.74
66.54 , 68.91
66.24 , 68.33
66.05 , 68.67
66.03 , 68.39
65.77 , 68.68
66.31 , 68.82
65.87 , 68.17
66.76 , 68.49
66.24 , 68.74
66.01 , 68.39
66.51 , 68.51
66.54 , 68.25
66.72 , 67.95
65.8 , 68.22
66.4 , 68.23
65.87 , 67.86
66.32 , 68.37
66.72 , 68.53
66.13 , 67.94
66.02 , 67.72
66.16 , 67.95
66.28 , 68.02
66.87 , 67.84
66.42 , 67.87
66.5 , 67.77
66.4 , 67.81
66.45 , 67.85
66.65 , 67.97
66.76 , 67.79
66.62 , 67.51
66.8 , 67.37
66.78 , 67.96
66.52 , 67.67
66.87 , 67.46
67.0 , 67.3
66.44 , 67.51
66.89 , 67.41
67.01 , 67.03
66.59 , 67.71
66.75 , 67.48
66.94 , 66.69
66.72 , 67.83
66.92 , 67.28
66.57 , 67.02
66.64 , 66.94
66.96 , 66.78
66.6 , 67.08
67.11 , 66.76
66.81 , 67.07
66.97 , 67.1
67.19 , 66.7
67.29 , 66.27
66.82 , 66.7
67.3 , 66.85
67.23 , 66.4
67.09 , 67.03
67.3 , 66.79
67.17 , 66.18
67.07 , 66.76
66.99 , 66.71
67.33 , 65.92
67.23 , 66.19
67.19 , 66.64
66.9 , 65.83
67.19 , 66.22
67.36 , 66.19
67.09 , 66.06
67.86 , 66.2
67.55 , 66.12
67.42 , 65.61
67.5 , 66.57
66.96 , 66.06
67.1 , 66.04
67.52 , 65.8
67.15 , 65.65
67.8 , 65.67
67.48 , 65.84
67.36 , 65.61
67.15 , 66.13
67.61 , 65.73
67.41 , 65.28
67.76 , 65.38
67.61 , 65.2
68.17 , 65.4
67.71 , 65.6
67.37 , 65.38
67.34 , 65.09
67.9 , 65.55
67.82 , 64.98
67.7 , 65.36
67.64 , 65.05
67.81 , 65.3
67.62 , 64.67
67.66 , 64.97
67.76 , 65.04
68.11 , 64.92
67.94 , 64.73
67.84 , 64.98
67.59 , 65.05
67.69 , 64.69
68.06 , 64.87
67.95 , 64.53
68.43 , 64.62
67.98 , 64.62
68.02 , 64.49
67.86 , 64.26
67.74 , 64.65
68.46 , 64.48
68.1 , 64.34
67.98 , 64.82
68.14 , 64.45
68.37 , 63.56
68.3 , 64.22
68.18 , 64.22
68.33 , 64.3
68.59 , 64.01
68.31 , 64.3
68.08 , 63.99
68.39 , 64.05
68.24 , 64.01
68.94 , 63.8
68.03 , 63.91
67.87 , 63.67
67.86 , 64.08
68.54 , 63.69
67.82 , 63.41
68.13 , 64.39
68.03 , 63.62
68.63 , 63.72
68.35 , 63.4
68.7 , 63.45
68.08 , 63.28
68.34 , 63.78
68.46 , 62.95
68.43 , 63.54
68.31 , 63.16
68.25 , 63.31
68.59 , 63.07
68.63 , 63.3
68.45 , 63.11
68.79 , 63.02
68.25 , 63.19
68.65 , 63.11
68.74 , 63.36
68.36 , 63.42
68.85 , 63.06
68.52 , 62.85
68.73 , 62.92
68.37 , 62.75
68.31 , 63.25
68.65 , 62.52
68.7 , 62.79
69.09 , 62.76
68.44 , 62.47
68.94 , 62.55
69.1 , 62.35
68.84 , 61.93
68.91 , 62.55
69.0 , 62.15
68.97 , 62.32
68.76 , 62.14
69.06 , 62.39
69.51 , 61.96
68.97 , 62.36
68.95 , 62.31
68.62 , 62.5
69.34 , 62.05
68.8 , 61.89
68.94 , 62.29
69.03 , 61.97
69.32 , 61.78
69.03 , 61.27
69.42 , 62.15
69.27 , 61.52
69.37 , 61.64
68.58 , 61.58
68.78 , 61.54
69.01 , 61.79
68.93 , 61.58
69.3 , 61.1
69.37 , 61.29
69.12 , 61.05
69.39 , 61.22
69.37 , 61.32
69.78 , 61.23
69.46 , 61.59
69.34 , 61.51
69.6 , 60.69
69.87 , 61.09
69.23 , 61.02
69.57 , 61.1
70.07 , 60.58
69.65 , 60.83
69.47 , 60.81
69.41 , 61.28
69.66 , 60.83
69.72 , 60.42
69.62 , 60.63
69.44 , 61.06
69.74 , 60.83
69.57 , 60.66
69.72 , 60.75
69.78 , 60.67
69.58 , 60.64
69.89 , 60.6
69.73 , 60.49
69.8 , 60.47
69.83 , 60.23
69.73 , 60.34
69.6 , 59.66
69.87 , 60.13
69.97 , 60.34
70.01 , 60.08
69.99 , 59.68
70.1 , 59.84
69.78 , 60.15
69.85 , 59.76
69.98 , 59.74
70.29 , 59.72
70.11 , 60.26
70.25 , 60.55
70.48 , 60.07
69.97 , 60.15
70.62 , 60.23
70.5 , 60.15
70.37 , 60.09
70.55 , 60.0
70.81 , 59.78
70.85 , 59.86
70.33 , 59.92
70.42 , 59.93
70.83 , 60.3
70.91 , 59.34
71.05 , 59.81
70.9 , 60.31
71.12 , 60.42
70.91 , 59.76
70.71 , 60.47
70.9 , 60.04
70.91 , 59.77
71.45 , 60.33
71.17 , 60.16
70.98 , 59.97
71.08 , 60.24
71.56 , 59.86
70.88 , 60.2
71.85 , 59.75
71.84 , 60.07
71.5 , 59.61
71.43 , 59.64
71.68 , 60.56
71.62 , 59.82
71.46 , 59.97
71.69 , 60.35
71.73 , 60.02
71.49 , 59.77
71.84 , 59.97
71.79 , 60.12
72.27 , 59.77
72.09 , 60.23
71.84 , 59.68
71.71 , 60.03
72.08 , 60.09
72.27 , 60.25
72.47 , 60.41
72.19 , 60.04
72.02 , 59.71
72.28 , 59.73
72.65 , 59.81
72.78 , 59.82
72.38 , 60.26
72.56 , 60.34
72.3 , 60.18
72.45 , 60.12
72.26 , 59.78
72.57 , 60.11
72.42 , 59.77
72.28 , 59.86
73.17 , 59.85
72.34 , 59.66
72.59 , 59.88
72.97 , 60.21
72.83 , 60.15
72.98 , 60.16
73.3 , 60.19
72.67 , 60.18
73.04 , 59.43
73.28 , 59.94
72.91 , 59.52
73.38 , 60.07
73.47 , 60.02
73.84 , 59.83
73.42 , 60.02
73.84 , 60.31
73.35 , 60.29
73.37 , 60.2
73.19 , 59.55
73.86 , 60.1
73.57 , 59.57
73.57 , 59.85
73.93 , 60.03
73.31 , 59.8
73.56 , 59.82
73.58 , 60.28
74.21 , 59.95
73.79 , 59.76
74.01 , 60.54
74.3 , 60.12
74.4 , 59.85
74.03 , 60.11
73.91 , 60.3
74.1 , 59.68
74.52 , 59.93
74.26 , 60.34
74.74 , 59.83
74.72 , 59.63
74.82 , 60.05
74.53 , 60.38
74.67 , 59.56
74.69 , 60.22
74.91 , 60.39
74.6 , 59.69
74.35 , 59.88
74.63 , 60.04
75.24 , 59.88
74.55 , 60.01
74.97 , 60.18
75.31 , 60.12
75.08 , 59.82
75.14 , 60.25
75.01 , 60.41
75.14 , 60.19
74.77 , 60.28
75.2 , 59.88
75.33 , 60.06
75.14 , 59.68
75.46 , 60.18
75.45 , 59.94
75.4 , 59.53
75.37 , 59.82
75.5 , 59.44
75.26 , 59.88
75.17 , 59.66
76.04 , 59.94
75.59 , 60.01
75.5 , 60.02
75.69 , 59.74
75.86 , 60.17
75.9 , 59.67
75.96 , 59.84
75.87 , 60.04
76.14 , 60.21
75.98 , 60.61
76.36 , 60.18
76.6 , 60.29
76.6 , 60.3
76.16 , 60.22
76.59 , 60.2
76.68 , 60.16
76.19 , 59.96
76.2 , 59.68
76.98 , 60.22
76.84 , 59.68
76.77 , 59.89
76.79 , 60.19
76.98 , 59.81
77.02 , 60.26
76.84 , 59.74
76.49 , 59.59
76.44 , 60.2
76.48 , 59.81
77.0 , 59.88
77.09 , 60.31
76.89 , 60.17
77.33 , 60.0
77.36 , 60.0
77.2 , 60.24
77.14 , 59.97
77.38 , 60.27
77.03 , 60.29
77.39 , 60.07
77.72 , 59.78
77.2 , 59.73
77.51 , 60.13
77.15 , 60.13
77.26 , 60.07
78.13 , 60.29
77.65 , 60.25
77.89 , 59.43
77.54 , 60.2
77.93 , 59.76
77.94 , 60.12
77.85 , 60.02
78.39 , 60.21
78.19 , 59.59
77.92 , 60.22
78.11 , 59.97
77.87 , 60.1
78.11 , 59.62
78.82 , 59.98
77.78 , 59.65
78.12 , 59.9
78.11 , 59.99
78.73 , 59.76
78.69 , 60.22
78.17 , 59.66
78.68 , 60.26
78.73 , 60.17
78.42 , 60.18
78.37 , 60.16
78.9 , 60.2
79.05 , 60.18
79.03 , 60.06
79.23 , 60.01
79.23 , 59.85
78.62 , 60.08
78.93 , 59.9
78.8 , 60.23
79.15 , 60.24
78.98 , 60.11
78.88 , 59.86
79.37 , 60.22
79.25 , 60.32
79.08 , 60.36
79.27 , 59.99
79.11 , 60.36
79.15 , 60.37
79.79 , 59.57
79.47 , 59.74
79.4 , 60.01
79.5 , 60.19
79.73 , 59.58
79.35 , 59.69
79.37 , 60.15
79.71 , 60.03
79.27 , 59.93
79.28 , 60.01
79.72 , 60.13
80.05 , 60.22
79.91 , 60.11
79.76 , 60.57
80.09 , 59.74
80.12 , 60.29
79.96 , 60.3
80.11 , 60.34
80.25 , 59.8
80.33 , 60.32
79.85 , 59.77
80.46 , 59.74
79.96 , 60.02
80.33 , 59.94
80.4 , 60.08
80.33 , 59.62
80.53 , 59.94
80.59 , 60.03
80.5 , 59.62
80.84 , 60.38
80.89 , 60.04
80.96 , 59.92
80.5 , 59.53
80.92 , 59.73
80.71 , 60.11
81.23 , 60.36
80.61 , 59.95
80.89 , 60.02
81.11 , 60.13
81.1 , 59.71
80.69 , 60.45
81.1 , 60.18
81.33 , 60.2
81.34 , 60.3
81.14 , 60.14
81.55 , 59.8
81.24 , 59.81
81.84 , 59.89
81.78 , 59.9
81.67 , 60.16
81.7 , 59.89
81.57 , 60.47
82.1 , 60.15
81.65 , 60.11
82.3 , 59.83
81.9 , 60.13
81.83 , 59.97
82.17 , 59.93
81.97 , 60.08
81.73 , 60.02
82.37 , 60.28
81.68 , 59.96
82.63 , 59.76
82.02 , 60.09
82.11 , 59.81
82.14 , 60.05
82.43 , 60.09
82.04 , 59.59
82.65 , 59.98
82.53 , 60.1
82.91 , 60.28
82.45 , 60.2
82.76 , 60.37
82.9 , 60.58
83.29 , 60.08
82.54 , 60.15
82.63 , 60.0
83.12 , 59.85
82.41 , 59.86
82.69 , 59.6
83.14 , 60.14
83.1 , 60.29
83.04 , 60.53
83.19 , 60.24
82.99 , 60.12
83.14 , 59.72
83.32 , 59.78
83.55 , 59.59
82.86 , 60.34
83.55 , 59.92
82.95 , 59.84
83.55 , 60.5
83.37 , 60.44
83.14 , 60.42
83.79 , 59.83
84.0 , 60.03
83.51 , 59.91
83.97 , 59.87
83.62 , 59.97
83.8 , 59.69
84.24 , 60.47
83.9 , 60.13
83.93 , 59.74
84.1 , 59.75
83.68 , 59.87
84.21 , 59.89
84.37 , 60.19
84.45 , 60.37
84.11 , 60.2
84.45 , 60.1
84.2 , 60.15
84.42 , 60.2
84.39 , 59.87
84.1 , 59.99
84.96 , 60.06
84.56 , 59.81
84.68 , 60.03
84.69 , 59.95
84.42 , 59.79
84.58 , 59.77
84.51 , 60.08
84.82 , 59.88
84.83 , 60.29
84.61 , 60.17
84.44 , 60.41
85.12 , 60.55
85.5 , 60.05
85.25 , 60.12
84.64 , 60.25
85.37 , 60.22
85.29 , 59.72
85.1 , 59.07
85.37 , 59.82
85.21 , 60.28
85.4 , 59.3
85.69 , 59.64
85.18 , 59.75
85.84 , 59.68
85.66 , 60.16
85.08 , 60.36
85.48 , 60.42
85.6 , 60.38
86.28 , 59.46
85.5 , 59.85
86.08 , 60.42
85.92 , 60.13
86.13 , 59.77
85.82 , 60.04
86.36 , 59.82
86.23 , 59.81
85.81 , 60.04
86.2 , 60.03
86.0 , 59.87
86.48 , 59.64
86.13 , 59.71
86.35 , 60.33
86.28 , 59.83
86.33 , 60.02
86.34 , 59.76
86.59 , 60.39
86.61 , 59.83
86.93 , 60.01
86.75 , 59.97
86.8 , 59.68
86.72 , 59.96
86.72 , 60.04
87.53 , 59.76
86.79 , 59.67
86.93 , 59.87
87.2 , 59.98
86.97 , 60.02
87.55 , 60.28
87.19 , 60.28
87.07 , 59.6
86.82 , 60.14
87.31 , 59.85
87.02 , 60.22
87.2 , 59.7
87.54 , 60.04
87.09 , 60.39
87.3 , 59.87
87.3 , 59.91
87.91 , 59.92
87.76 , 59.83
87.93 , 60.32
87.88 , 60.44
87.77 , 59.5
87.44 , 59.84
88.0 , 60.04
87.92 , 60.06
87.81 , 59.98
87.79 , 60.0
88.15 , 60.42
88.38 , 59.97
87.95 , 59.9
87.65 , 60.24
88.38 , 60.11
88.21 , 60.18
88.49 , 60.33
87.91 , 60.62
88.17 , 60.35
88.1 , 60.32
89.1 , 60.26
88.48 , 60.41
88.5 , 60.04
88.44 , 59.97
88.64 , 59.83
88.95 , 60.1
88.39 , 59.82
88.72 , 59.92
89.16 , 59.74
88.83 , 59.97
88.83 , 60.16
89.07 , 59.87
88.83 , 60.1
88.99 , 59.87
88.64 , 60.09
88.98 , 60.14
88.98 , 59.99
89.12 , 59.55
89.24 , 60.08
89.25 , 60.03
89.68 , 59.5
89.11 , 59.83
89.21 , 59.87
89.12 , 59.91
89.62 , 59.83
89.71 , 60.22
89.79 , 60.07
89.14 , 59.97
89.05 , 59.61
89.88 , 59.29
89.93 , 59.85
89.98 , 60.35
89.84 , 59.74
90.06 , 59.68
89.95 , 59.99
90.26 , 59.57
90.05 , 60.44
89.97 , 60.41
90.25 , 59.47
90.16 , 59.93
89.85 , 59.73
89.57 , 60.18
90.17 , 59.62
90.26 , 60.03
90.03 , 59.6
90.22 , 59.53
90.51 , 59.79
90.13 , 59.38
89.55 , 59.16
90.63 , 59.38
90.41 , 58.85
89.78 , 59.54
90.39 , 58.89
89.72 , 58.94
90.15 , 58.61
90.55 , 58.85
90.22 , 59.29
90.12 , 59.04
90.04 , 59.49
90.44 , 58.91
90.04 , 58.89
89.6 , 58.73
90.04 , 59.16
90.29 , 58.52
89.82 , 58.89
90.29 , 58.89
90.2 , 58.73
90.22 , 59.07
90.2 , 58.3
90.44 , 58.71
90.14 , 58.81
90.37 , 58.23
90.01 , 58.79
90.48 , 58.03
89.95 , 58.78
90.94 , 58.53
90.24 , 58.11
90.48 , 58.55
90.37 , 58.07
89.91 , 57.73
90.0 , 57.53
90.4 , 57.87
90.75 , 58.2
90.31 , 58.4
90.55 , 57.78
90.33 , 57.63
90.19 , 57.75
90.23 , 57.61
90.28 , 57.69
90.68 , 57.58
90.25 , 57.73
90.41 , 57.25
90.29 , 57.46
90.18 , 57.66
90.46 , 57.26
90.67 , 57.46
90.4 , 57.38
90.61 , 57.45
90.22 , 57.31
90.38 , 57.11
90.33 , 57.42
90.44 , 57.75
90.28 , 57.29
90.72 , 56.91
90.46 , 57.25
90.91 , 56.89
90.41 , 56.97
90.64 , 56.74
90.69 , 56.91
90.49 , 56.5
90.66 , 56.14
90.24 , 56.2
90.4 , 56.55
90.41 , 56.39
90.69 , 56.02
90.12 , 56.56
90.82 , 56.53
90.22 , 55.92
90.67 , 56.42
90.55 , 55.96
89.9 , 56.46
91.0 , 56.43
90.69 , 56.29
90.51 , 56.06
90.58 , 55.87
90.66 , 55.71
90.56 , 56.43
90.96 , 55.73
90.81 , 56.05
90.84 , 55.97
90.54 , 56.12
90.88 , 55.47
90.63 , 55.65
90.36 , 55.71
90.54 , 55.12
91.13 , 55.62
90.6 , 55.61
90.42 , 55.3
91.09 , 55.35
90.23 , 55.5
90.89 , 55.18
90.52 , 55.66
90.91 , 54.97
90.57 , 55.14
90.64 , 54.86
90.65 , 54.88
90.88 , 55.15
90.58 , 54.99
90.59 , 55.25
90.84 , 55.14
90.2 , 55.1
90.71 , 54.77
90.38 , 55.13
91.14 , 54.8
90.71 , 54.57
90.97 , 54.73
90.59 , 54.99
90.9 , 54.69
90.76 , 54.51
90.58 , 54.4
90.66 , 54.71
90.55 , 54.82
91.08 , 54.24
90.61 , 53.92
91.03 , 54.49
91.23 , 54.34
90.93 , 54.14
90.52 , 54.34
90.76 , 54.12
90.65 , 54.22
90.43 , 53.73
91.13 , 54.15
90.62 , 54.02
90.97 , 54.17
91.15 , 54.13
90.74 , 54.32
90.9 , 53.96
91.05 , 54.11
91.17 , 53.27
90.55 , 53.62
90.72 , 53.85
91.3 , 53.89
90.67 , 53.65
91.17 , 53.66
91.18 , 54.11
91.15 , 53.49
91.1 , 53.42
90.86 , 53.3
90.74 , 53.0
90.99 , 52.98
90.83 , 53.0
90.7 , 52.44
91.15 , 53.42
91.05 , 52.85
91.29 , 53.08
90.66 , 52.92
91.03 , 52.68
91.16 , 52.49
91.03 , 52.99
90.56 , 52.91
91.26 , 52.51
90.76 , 52.63
91.05 , 52.58
90.98 , 52.3
90.61 , 52.36
91.3 , 52.69
91.26 , 52.4
90.93 , 52.28
91.13 , 52.02
91.18 , 52.43
90.95 , 52.51
91.28 , 51.67
91.01 , 52.16
90.54 , 52.3
91.37 , 52.23
91.1 , 52.42
91.16 , 52.09
91.27 , 52.26
90.73 , 52.16
91.24 , 52.24
91.22 , 51.82
91.0 , 51.81
91.03 , 51.88
91.19 , 51.52
91.36 , 51.65
91.1 , 51.96
91.31 , 51.69
91.02 , 51.85
91.36 , 51.19
91.15 , 51.76
91.47 , 51.37
91.29 , 51.4
90.66 , 51.49
91.61 , 51.13
91.28 , 51.47
91.32 , 51.44
91.27 , 51.07
91.1 , 51.07
90.96 , 50.75
91.31 , 50.77
91.33 , 50.93
91.26 , 51.05
91.19 , 50.61
91.24 , 50.78
91.65 , 51.03
90.99 , 50.29
91.02 , 50.83
90.87 , 50.87
91.26 , 50.89
91.4 , 50.33
91.25 , 50.56
91.65 , 50.4
91.22 , 50.46
91.18 , 50.51
91.47 , 50.56
91.17 , 50.58
92.1 , 50.6
91.42 , 50.18
91.01 , 50.28
91.92 , 50.25
91.51 , 50.06
91.13 , 50.62
91.34 , 50.39
91.44 , 49.92
91.22 , 49.93
91.49 , 49.76
91.43 , 49.76
91.24 , 49.59
92.13 , 49.4
91.64 , 49.33
91.24 , 49.87
91.12 , 49.78
91.86 , 49.49
91.69 , 49.76
90.98 , 49.35
91.4 , 49.64
91.4 , 49.05
91.19 , 49.34
91.55 , 49.39
91.25 , 49.36
91.51 , 48.94
91.23 , 49.69
91.7 , 49.01
91.7 , 48.88
91.99 , 49.16
91.0 , 48.88
91.52 , 48.96
91.29 , 49.13
91.63 , 49.2
91.65 , 49.16
92.0 , 48.78
91.68 , 48.94
91.73 , 48.64
92.21 , 48.92
91.76 , 48.28
91.36 , 48.49
91.36 , 48.12
91.8 , 48.62
91.51 , 48.4
91.94 , 48.58
92.13 , 48.26
91.58 , 48.47
92.15 , 48.19
91.6 , 48.12
91.98 , 48.44
91.45 , 48.36
91.9 , 48.37
91.59 , 47.99
91.85 , 48.09
91.48 , 48.11
91.89 , 47.82
91.85 , 48.11
91.75 , 47.81
91.49 , 47.73
91.59 , 47.45
92.01 , 47.77
91.85 , 47.66
92.12 , 47.14
92.17 , 47.41
91.57 , 47.28
91.58 , 47.4
92.0 , 47.18
92.01 , 47.22
91.82 , 47.65
91.74 , 46.97
91.85 , 47.31
91.74 , 47.06
92.0 , 46.89
91.81 , 46.88
92.01 , 46.93
91.95 , 46.98
91.85 , 46.73
92.19 , 46.77
91.85 , 46.54
91.9 , 46.61
91.62 , 47.02
92.09 , 46.8
91.95 , 46.82
91.91 , 46.69
91.67 , 46.5
91.88 , 45.91
91.63 , 46.29
92.44 , 46.06
91.47 , 46.59
91.7 , 46.49
91.94 , 46.74
91.96 , 46.5
91.92 , 46.25
91.98 , 46.18
92.33 , 46.54
91.99 , 46.05
92.04 , 46.31
92.18 , 46.04
91.61 , 46.55
92.38 , 46.05
92.1 , 46.22
92.44 , 45.87
92.11 , 45.75
92.52 , 45.67
91.94 , 45.97
92.21 , 45.67
92.27 , 45.7
92.06 , 45.67
92.21 , 45.59
92.2 , 45.53
92.22 , 45.22
92.51 , 45.66
92.18 , 45.51
92.56 , 45.44
91.79 , 45.37
91.62 , 45.18
92.48 , 44.92
91.75 , 45.05
92.23 , 45.58
92.08 , 45.04
91.85 , 45.53
92.12 , 45.08
92.42 , 44.89
91.95 , 44.76
92.15 , 45.04
92.44 , 44.66
92.1 , 44.4
92.2 , 45.23
92.31 , 44.58
92.58 , 44.72
92.5 , 44.96
91.91 , 44.54
92.17 , 44.78
92.21 , 44.47
91.74 , 44.27
92.1 , 44.09
92.29 , 44.23
92.31 , 44.48
92.36 , 44.22
92.35 , 43.89
92.18 , 43.98
92.75 , 43.77
92.19 , 44.17
92.17 , 44.15
92.01 , 44.19
92.36 , 43.36
91.96 , 43.54
92.25 , 43.73
92.41 , 43.93
92.48 , 43.84
92.13 , 43.31
92.04 , 43.73
92.11 , 43.29
92.14 , 43.65
92.03 , 43.45
92.55 , 43.66
91.95 , 43.41
92.24 , 43.98
92.32 , 42.98
92.24 , 43.28
92.28 , 43.41
92.31 , 43.2
93.26 , 43.26
92.63 , 43.11
91.81 , 43.48
92.31 , 43.19
92.08 , 43.0
92.71 , 42.66
92.92 , 43.13
92.55 , 42.77
92.69 , 42.29
92.78 , 42.26
92.35 , 43.04
92.56 , 42.19
92.07 , 42.3
92.36 , 42.36
92.74 , 42.44
92.94 , 42.82
92.2 , 42.76
92.84 , 42.11
92.44 , 42.14
92.28 , 42.29
92.61 , 42.06
92.14 , 42.38
92.88 , 42.46
92.2 , 42.0
92.48 , 41.92
92.83 , 41.82
92.5 , 42.09
92.6 , 42.02
92.55 , 42.04
92.67 , 41.88
92.74 , 41.93
92.78 , 41.9
92.72 , 41.82
92.4 , 41.57
92.55 , 41.48
92.51 , 41.43
92.46 , 41.64
93.39 , 41.99
92.65 , 41.49
92.59 , 41.37
92.8 , 41.49
92.74 , 41.57
92.56 , 41.48
92.72 , 41.01
93.0 , 40.97
92.89 , 40.98
92.53 , 41.4
92.81 , 41.07
92.52 , 40.6
92.6 , 40.94
92.95 , 40.93
92.98 , 40.76
92.96 , 41.06
92.68 , 41.01
93.16 , 40.42
92.43 , 40.55
92.62 , 40.44
92.81 , 40.29
93.22 , 40.56
92.83 , 40.5
92.65 , 40.53
92.76 , 40.54
92.99 , 40.21
92.37 , 40.2
92.87 , 39.82
92.93 , 40.3
92.5 , 40.28
93.06 , 40.16
92.96 , 40.29
93.14 , 40.39
92.67 , 40.0
92.87 , 39.77
92.89 , 40.06
92.95 , 39.46
92.72 , 39.26
92.91 , 39.83
93.08 , 40.01
92.66 , 39.72
92.94 , 39.89
93.19 , 39.61
92.55 , 39.81
92.87 , 39.12
92.97 , 39.31
92.94 , 39.78
92.92 , 39.24
93.05 , 39.32
92.98 , 39.59
93.02 , 39.42
92.95 , 39.29
92.72 , 39.03
93.23 , 39.49
92.71 , 39.29
93.21 , 38.89
93.17 , 39.18
93.3 , 39.42
93.01 , 39.05
92.8 , 38.98
93.03 , 38.81
93.06 , 39.03
93.27 , 38.96
93.48 , 38.38
93.01 , 38.67
92.96 , 38.53
92.72 , 38.52
93.37 , 38.45
93.07 , 38.62
93.08 , 38.23
92.96 , 38.71
92.93 , 38.08
93.57 , 38.37
92.84 , 37.86
92.93 , 37.93
93.08 , 38.43
93.32 , 38.07
93.29 , 38.01
92.51 , 38.24
92.95 , 37.79
93.4 , 37.99
93.37 , 38.17
93.35 , 37.86
93.68 , 37.6
93.41 , 38.26
93.14 , 37.61
93.4 , 37.99
93.34 , 37.52
93.24 , 37.27
93.48 , 37.86
93.17 , 37.69
93.15 , 37.51
93.27 , 37.4
93.96 , 37.33
93.49 , 37.15
93.32 , 37.31
93.05 , 37.48
93.45 , 37.55
93.37 , 36.94
93.48 , 37.22
93.73 , 36.52
93.25 , 37.08
93.55 , 36.72
93.58 , 37.04
92.8 , 37.5
92.78 , 36.63
93.11 , 36.95
93.21 , 36.77
93.14 , 36.87
93.54 , 37.13
92.98 , 36.48
93.2 , 36.5
93.32 , 36.72
93.21 , 36.37
93.68 , 36.82
93.83 , 36.93
93.2 , 36.72
93.57 , 36.33
93.55 , 36.15
93.12 , 36.2
93.03 , 36.12
93.43 , 35.93
93.24 , 35.65
93.14 , 36.06
93.27 , 36.07
93.28 , 35.87
93.03 , 36.36
93.39 , 36.12
93.26 , 35.58
93.53 , 35.71
93.45 , 35.93
93.62 , 35.92
93.53 , 35.22
93.61 , 36.01
93.59 , 35.85
93.62 , 35.68
93.66 , 35.14
92.98 , 35.48
93.67 , 35.55
93.46 , 35.26
93.27 , 35.42
93.62 , 35.47
93.51 , 35.55
93.37 , 35.47
93.36 , 35.51
93.8 , 34.87
93.7 , 34.82
94.03 , 35.29
93.61 , 35.07
93.58 , 34.82
93.32 , 34.87
93.85 , 34.93
93.89 , 35.06
93.75 , 34.54
93.38 , 34.62
93.08 , 34.29
93.65 , 34.96
94.19 , 34.63
93.89 , 34.63
93.43 , 34.73
93.65 , 34.61
93.2 , 34.33
93.92 , 34.31
93.68 , 34.54
94.05 , 34.61
93.73 , 34.1
93.94 , 34.03
93.4 , 33.94
93.7 , 33.92
93.51 , 34.3
93.44 , 33.71
93.75 , 34.13
93.61 , 33.68
94.35 , 33.78
94.42 , 33.66
94.08 , 33.49
94.17 , 33.89
93.84 , 33.57
94.18 , 34.0
93.81 , 33.68
93.63 , 33.75
93.73 , 33.67
93.33 , 33.61
94.07 , 33.49
94.22 , 33.22
94.13 , 33.4
93.86 , 33.44
94.19 , 32.84
93.87 , 33.21
94.06 , 33.19
93.76 , 33.21
94.09 , 32.94
93.93 , 33.03
93.74 , 33.01
94.39 , 32.85
94.05 , 33.06
94.21 , 32.8
93.61 , 33.02
93.42 , 32.86
94.17 , 32.9
93.95 , 32.65
93.81 , 32.88
93.53 , 32.32
93.82 , 32.52
94.08 , 32.46
93.98 , 32.35
94.23 , 32.64
93.56 , 32.66
94.06 , 32.37
94.2 , 32.42
94.04 , 32.37
93.56 , 32.32
94.04 , 31.91
93.87 , 32.27
93.9 , 31.84
93.96 , 31.9
94.06 , 32.29
94.54 , 31.95
94.16 , 31.66
94.22 , 31.99
93.9 , 31.99
93.91 , 31.81
94.13 , 31.75
94.15 , 31.79
93.93 , 31.69
94.26 , 31.84
93.88 , 31.45
93.99 , 31.19
94.21 , 31.93
93.96 , 31.34
94.01 , 31.36
93.91 , 31.8
93.88 , 31.45
94.37 , 31.28
94.5 , 30.79
93.42 , 31.32
94.25 , 31.08
94.22 , 30.88
93.92 , 30.83
94.18 , 31.12
94.66 , 30.87
93.77 , 31.11
94.09 , 30.6
94.37 , 30.34
93.88 , 31.21
94.08 , 30.83
94.54 , 30.37
94.26 , 30.91
94.44 , 30.92
94.85 , 31.04
94.41 , 30.34
94.46 , 30.29
93.8 , 30.05
94.27 , 30.35
94.12 , 30.59
94.24 , 30.09
94.27 , 30.22
94.43 , 30.17
94.51 , 30.03
94.26 , 30.24
94.11 , 30.1
94.35 , 30.26
93.7 , 30.28
94.23 , 29.94
94.68 , 30.0
93.98 , 29.75
94.52 , 29.71
94.44 , 29.96
94.84 , 29.53
93.96 , 29.47
94.25 , 29.85
94.43 , 29.88
94.42 , 29.19
94.48 , 29.31
94.47 , 29.03
94.59 , 29.13
94.3 , 29.56
94.35 , 29.08
94.78 , 29.17
94.66 , 29.19
93.98 , 29.12
94.53 , 29.08
94.85 , 28.66
94.26 , 29.19
94.73 , 29.2
94.22 , 29.03
94.59 , 29.34
95.01 , 28.98
94.63 , 29.0
94.46 , 28.84
94.58 , 28.76
94.66 , 28.69
94.36 , 28.91
94.74 , 28.41
94.66 , 28.34
94.6 , 28.33
94.38 , 28.56
94.31 , 28.6
94.94 , 28.31
94.36 , 28.43
94.49 , 27.91
95.09 , 28.12
95.02 , 28.41
94.74 , 28.25
94.5 , 28.26
94.44 , 28.16
94.37 , 28.03
93.88 , 27.84
94.69 , 27.95
94.68 , 28.02
95.04 , 27.72
93.73 , 27.93
94.68 , 27.76
94.81 , 28.1
94.71 , 27.44
94.83 , 27.45
94.28 , 27.32
94.66 , 27.2
94.57 , 27.6
94.1 , 27.75
95.17 , 27.36
94.66 , 27.3
93.95 , 27.36
94.32 , 27.23
94.43 , 27.01
94.52 , 26.92
94.17 , 27.42
94.45 , 27.31
94.91 , 26.97
94.74 , 27.01
94.86 , 27.06
94.67 , 26.9
95.0 , 26.67
94.34 , 26.31
94.67 , 27.02
95.28 , 26.59
94.81 , 26.48
94.81 , 26.6
95.01 , 26.8
94.9 , 26.58
95.01 , 26.47
95.12 , 26.83
95.02 , 26.84
94.66 , 26.5
94.89 , 26.16
94.91 , 26.26
94.95 , 26.29
95.02 , 26.13
94.85 , 26.39
95.17 , 26.16
94.43 , 26.3
95.03 , 25.77
94.39 , 25.6
94.49 , 26.38
94.78 , 25.86
95.08 , 26.21
94.94 , 25.79
95.16 , 26.09
94.98 , 25.59
94.66 , 25.89
94.69 , 25.49
94.4 , 25.29
95.09 , 25.4
95.13 , 25.46
94.82 , 25.68
94.99 , 25.33
95.34 , 25.13
94.69 , 25.33
94.97 , 24.82
94.91 , 25.17
94.77 , 25.24
94.47 , 25.25
95.25 , 25.65
94.68 , 25.29
94.81 , 24.62